6.231181893278568973e-01 4.358126191531909721e-01
6.236590344865781121e-01 4.385624769605507289e-01
6.237991865924193968e-01 4.406082939604596405e-01
6.235386456453806403e-01 4.419500701529175957e-01
6.228774116454619536e-01 4.425878055379246501e-01
6.218154845926632257e-01 4.425215001154807481e-01
6.203528644869844566e-01 4.417511538855860009e-01
6.184895513284294211e-01 4.402767668482429619e-01
6.159026929695716746e-01 4.370325378163392172e-01
6.127349672813795500e-01 4.330369921831008773e-01
6.092459093931068548e-01 4.287807097801819012e-01
6.065733505050554530e-01 4.254148459003006533e-01
6.032581033210443477e-01 4.219305663087272729e-01
5.994929286689274495e-01 4.184819391410298794e-01
5.948673103729558154e-01 4.157930657335019431e-01
5.897704032751264203e-01 4.137580965978551184e-01
5.831480699966429260e-01 4.113610132787045570e-01
5.775342583116934714e-01 4.099002625068411398e-01
5.755386716100456823e-01 4.104010264798010899e-01
5.740999357732744501e-01 4.109705577608709914e-01
5.730672005614576570e-01 4.119531815408065123e-01
5.719233646112362734e-01 4.127606370869827956e-01
5.704471881033640335e-01 4.135206647588140494e-01
5.689675576007237057e-01 4.138856410440839295e-01
5.672956534640314352e-01 4.139147119824186927e-01
5.654736106212354674e-01 4.135252352213990568e-01
5.626531365770052195e-01 4.120904555148151571e-01
5.598330689231765245e-01 4.104988131587884448e-01
5.562703024747716052e-01 4.082647480576309107e-01
5.522097532026399858e-01 4.054243397928494197e-01
5.480841971091047204e-01 4.022602221005665002e-01
5.471164539928380366e-01 3.999713501779224578e-01
5.487659263934515641e-01 3.988080742132632528e-01
5.492741314534179686e-01 3.964954098425322870e-01
5.494580405869665674e-01 3.944236166876388117e-01
5.498010164472343364e-01 3.920160847551704686e-01
5.504836901820114869e-01 3.897094128358439824e-01
5.520035974040861104e-01 3.875466171432965790e-01
5.541487810298899586e-01 3.856499889317702712e-01
5.573687997878438161e-01 3.836418376788855999e-01
5.621793836490092122e-01 3.824288038646495025e-01
5.681795133724503177e-01 3.822215251793170676e-01
5.748158159838575587e-01 3.826479843838743733e-01
5.826219713526107347e-01 3.849244191096400924e-01
5.911060563579436655e-01 3.891410642619607674e-01
5.994934784341215961e-01 3.943888111351863679e-01
6.071836778481116692e-01 4.001958885343928074e-01
6.141609662258821212e-01 4.067687106887702408e-01
6.198066576573678654e-01 4.136537180227414789e-01
6.247133221561587124e-01 4.209750519618752351e-01
6.281248611562426643e-01 4.279457072866472700e-01
6.307479591391240703e-01 4.338367439503068024e-01
6.322817115762150442e-01 4.384407446395242602e-01
6.331912482486087290e-01 4.417263317971232839e-01
6.332526092076229407e-01 4.437484838843910318e-01
6.320086043884347582e-01 4.438908874179468000e-01
6.297429360415636168e-01 4.424996709392106653e-01
6.270885776610430895e-01 4.401334426521740228e-01
6.234714872696854870e-01 4.370343014125934733e-01
6.191601131296839977e-01 4.329416810657128467e-01
6.148260114958956635e-01 4.282011255959065066e-01
6.103535630584335792e-01 4.234403480232055705e-01
6.054203182863467925e-01 4.187168364611170701e-01
6.004793051141452676e-01 4.147175505689928987e-01
5.953351004630765830e-01 4.112739502035138162e-01
5.899398575541153766e-01 4.079601702646994399e-01
5.849128375765457744e-01 4.062318258695495898e-01
5.785314681842889106e-01 4.048924193662778448e-01
5.744913607161541425e-01 4.046872784649107602e-01
5.753276057912246610e-01 4.073657295822580293e-01
5.762296141542493366e-01 4.096620458283597999e-01
5.765067249941102645e-01 4.114638254653297800e-01
5.760394835903666078e-01 4.127280404125426294e-01
5.751717357613953530e-01 4.133849079252930880e-01
5.738870504215325408e-01 4.134913255726073711e-01
5.713521775616812182e-01 4.128055551472855633e-01
5.678176557316531037e-01 4.113985608605800759e-01
5.636700434382716507e-01 4.092924451935907593e-01
5.586467106417863926e-01 4.067178524996923339e-01
5.530232236935572754e-01 4.034620327108068838e-01
5.477282059138747217e-01 4.007737857723689956e-01
5.429568090589906859e-01 3.976722277127801575e-01
5.429452500731728470e-01 3.958948969301616660e-01
5.461576951574986794e-01 3.953692553269939070e-01
5.474762833496055192e-01 3.930719696019052134e-01
5.487474430200771636e-01 3.906883834713746895e-01
5.504863736856068224e-01 3.882441392851113116e-01
5.536414325507009737e-01 3.856966427009052012e-01
5.579552761030444064e-01 3.834733570323292651e-01
5.643674725321116137e-01 3.822222703182880932e-01
5.706904972840251000e-01 3.821229814404297764e-01
5.765451817490967468e-01 3.830931055599769430e-01
5.821234119423946973e-01 3.852051993301033872e-01
5.893795796109573271e-01 3.892783773970301953e-01
5.962700067602165754e-01 3.939419012263911113e-01
6.027076902432713101e-01 3.987851838180944686e-01
6.089416992071021717e-01 4.047495841440594266e-01
6.139673120295874309e-01 4.108315231034141979e-01
6.175577158302237857e-01 4.165481632111862065e-01
6.202064915480152152e-01 4.220099944874196041e-01
6.224124056721200837e-01 4.267766914756074281e-01
6.248415782980285549e-01 4.305297188629416127e-01
6.269054355664526179e-01 4.334131793199106353e-01
6.292215125053752800e-01 4.357111161650600306e-01
6.293356560474102634e-01 4.372165461471202441e-01
6.285648477023579872e-01 4.379537584555119878e-01
6.278568346036541570e-01 4.385488002009006459e-01
6.280830952376836862e-01 4.390905749204496722e-01
6.267751301036197376e-01 4.378045000641618278e-01
6.246913553363092619e-01 4.358762099192716732e-01
6.223382152043890336e-01 4.337252503606552900e-01
6.191182222841047356e-01 4.304818637770250200e-01
6.155738851063965456e-01 4.264991029355345020e-01
6.118174105747827829e-01 4.225136366365205842e-01
6.075057538925826561e-01 4.184686545333195506e-01
6.025994170844859443e-01 4.147413784562216099e-01
5.971386268128131558e-01 4.114514453918169945e-01
5.913719581802538983e-01 4.081752966432033447e-01
5.862085851069522846e-01 4.064549715270846519e-01
5.829891346159057353e-01 4.072036298691440459e-01
5.807067393177807180e-01 4.091618076708544716e-01
5.787919613570681188e-01 4.105838993016434624e-01
5.764989029228450024e-01 4.111873585713957668e-01
5.740127907619250180e-01 4.112654169220753553e-01
5.715497045495423478e-01 4.107875899491829630e-01
5.692569774200506583e-01 4.097839446628818161e-01
5.668488255992766289e-01 4.082384463888510950e-01
5.641347870567836598e-01 4.065481562420276695e-01
5.607002199505281004e-01 4.046163627464869350e-01
5.568109773942280238e-01 4.023031002795557365e-01
5.525499837970333505e-01 3.997198954966295625e-01
5.487846162524190330e-01 3.971903961168716801e-01
5.471715539289306873e-01 3.962988148987045545e-01
5.479114415419078510e-01 3.961831850164099222e-01
5.495316036686130889e-01 3.953252802067774851e-01
5.517488286506028183e-01 3.936424806646653951e-01
5.540213255321309038e-01 3.917996601821093217e-01
5.568131540156089354e-01 3.899180243997035222e-01
5.594022095473135670e-01 3.880651103425371562e-01
5.615911097008750019e-01 3.863941643033113604e-01
5.642290874843715054e-01 3.852941821603235728e-01
5.675365344971046166e-01 3.847105672456581638e-01
5.712237814432926664e-01 3.841616255665278867e-01
5.749104932422584024e-01 3.835988278842101806e-01
5.793365506564902567e-01 3.841546819220862385e-01
5.849204447474447566e-01 3.867208974393806509e-01
5.917371279513707893e-01 3.910346319772561308e-01
5.991502293094823628e-01 3.958959732120415631e-01
6.066854890655103416e-01 4.012653870819943291e-01
6.140908393385218211e-01 4.073735394628901219e-01
6.203320720077135642e-01 4.134445392707916667e-01
6.253614119814566719e-01 4.191202939905216418e-01
6.285048476711153631e-01 4.240367850566905128e-01
6.301996122658017896e-01 4.282531930850126400e-01
6.312682903190578454e-01 4.315255448829018459e-01
6.316950199830622115e-01 4.335138658592628258e-01
6.313266134370002503e-01 4.344089789088519948e-01
6.300933962494035256e-01 4.346765798680947146e-01
6.288594034462527960e-01 4.348825793460507905e-01
6.271004447030840145e-01 4.348854107015297510e-01
6.248351557222462382e-01 4.342374161357818174e-01
6.220634590446714185e-01 4.327066264540925800e-01
6.191582746635230228e-01 4.304732551402120633e-01
6.163083272282389169e-01 4.278653029942428576e-01
6.130507665521991445e-01 4.244874364650111365e-01
6.096933173378162873e-01 4.206849295089710727e-01
6.060565537996455143e-01 4.168574765796598247e-01
6.023562976677526715e-01 4.133279714109694414e-01
5.984338789504071165e-01 4.100112116714431654e-01
5.950319438498516966e-01 4.075304949445445191e-01
5.913086683502057905e-01 4.056393829406139684e-01
5.875073927020628695e-01 4.046631053562100844e-01
5.855487151383307332e-01 4.047305686980913197e-01
5.848441813326562544e-01 4.057635339676547437e-01
5.839565067269716359e-01 4.070814486542461141e-01
5.830449457621715847e-01 4.082859970325820598e-01
5.817980070998798325e-01 4.085341924455933027e-01
5.801688863680944941e-01 4.080631493443300228e-01
5.781663470678232164e-01 4.068513355643523788e-01
5.758686650392728090e-01 4.049869952158713371e-01
5.733165400060625805e-01 4.030375435880968471e-01
5.703883876088550187e-01 4.002243817661704783e-01
5.675389755365567446e-01 3.965729395188919426e-01
5.653352685104160447e-01 3.921991773859969665e-01
5.634661213844642802e-01 3.875073080149192828e-01
5.632052259747291068e-01 3.837053302186668180e-01
5.653304867615018825e-01 3.810485813412752276e-01
5.677411886901370108e-01 3.791782638605925015e-01
5.693283429512643323e-01 3.773112103410457552e-01
5.702626440859520640e-01 3.755026016839509984e-01
5.703860249994059384e-01 3.740066613007476115e-01
5.712526990277767558e-01 3.733868897770345474e-01
5.724862649430009220e-01 3.742045143071364155e-01
5.747927215304342585e-01 3.761804869811480878e-01
5.779367869795749568e-01 3.790454789524185797e-01
5.817784983108518215e-01 3.820571900492901185e-01
5.863357017482601075e-01 3.855444473918228643e-01
5.911290289050347146e-01 3.889846616740701424e-01
5.961049418104213959e-01 3.927782203277333517e-01
6.008639853464565750e-01 3.968046903610251697e-01
6.049940684801886626e-01 4.006136276603307067e-01
6.081420092561160562e-01 4.043224086588886323e-01
6.099686056780094789e-01 4.075875940366051609e-01
6.103184229647985459e-01 4.103204748209807740e-01
6.099837279967088577e-01 4.127468224564311838e-01
6.098232979148795474e-01 4.148879618126905533e-01
6.091492747829005960e-01 4.167986910267675871e-01
6.087734387471159803e-01 4.179775370731635964e-01
6.082498226230534932e-01 4.186171126581448854e-01
6.075741307228433863e-01 4.189802906631907575e-01
6.065048166529659612e-01 4.190737461612258352e-01
6.052495938620450211e-01 4.188294174984054097e-01
6.040448122434520783e-01 4.185813410789202549e-01
6.027260023544310785e-01 4.182687121818531306e-01
6.014312821815489540e-01 4.177839400541751846e-01
6.003712621749289768e-01 4.175283950917884068e-01
5.991393764633972108e-01 4.172184103214926498e-01
5.977069763576317030e-01 4.165938543518227788e-01
5.959103150065702126e-01 4.156543181492755590e-01
5.937393396688295244e-01 4.144880750600052899e-01
5.909904227537300381e-01 4.133124450213252477e-01
5.875896746216888733e-01 4.120810455326603949e-01
5.834855065626288750e-01 4.108324526122276166e-01
5.774700754907908795e-01 4.092583745852877430e-01
5.734065837450189607e-01 4.081677742673284204e-01
5.709428062266386217e-01 4.077571613756263424e-01
5.692482755194994137e-01 4.078074082529945521e-01
5.677309393343374921e-01 4.077876381744649503e-01
5.664798684249667815e-01 4.069945429245294122e-01
5.653130947734468226e-01 4.058185505111855940e-01
5.638700076897251723e-01 4.040931827881779625e-01
5.621842982003084632e-01 4.018737048045565308e-01
5.602532043176570165e-01 3.993009897918206041e-01
5.581513905417356813e-01 3.966533293551471884e-01
5.554961185110132149e-01 3.937577778397663986e-01
5.525455968951779040e-01 3.905525124990045227e-01
5.495470170521659092e-01 3.872171602098132270e-01
5.467835222973573828e-01 3.839432874416355834e-01
5.475083776189222373e-01 3.817908761727885625e-01
5.490337389087276421e-01 3.802615814079547407e-01
5.504643571322891393e-01 3.792798429053315656e-01
5.515831809238102013e-01 3.786913099871522803e-01
5.526386547951708250e-01 3.783708720185659513e-01
5.532616252273487856e-01 3.788499721574588586e-01
5.535418733752183185e-01 3.797255690820637852e-01
5.533832266319962390e-01 3.806758094696998662e-01
5.536848682623674023e-01 3.821671497767887837e-01
5.554083089483300428e-01 3.841016362695154340e-01
5.588833761431004632e-01 3.857085938367390554e-01
5.646608285235095170e-01 3.874750035380907232e-01
5.710216660305417191e-01 3.893049822134151960e-01
5.783586319755138483e-01 3.916197507629589070e-01
5.867247549117453609e-01 3.950591364057917110e-01
5.951376665231902230e-01 3.992477331765659221e-01
6.028996312780112721e-01 4.043961046508017798e-01
6.096305991729493723e-01 4.099056681356841314e-01
6.151775043474637661e-01 4.157336028992344445e-01
6.189437462733377027e-01 4.216001151374046407e-01
6.209834721832827586e-01 4.269938710048751251e-01
6.214984391070094150e-01 4.314342715621558577e-01
6.216218716958024082e-01 4.355486641102811474e-01
6.218180061465510278e-01 4.385947929248575350e-01
6.220496206262028371e-01 4.402603873839769921e-01
6.218362362676111976e-01 4.408050687064977158e-01
6.202647640694355369e-01 4.397812174995584522e-01
6.187632037503721927e-01 4.379482825417349012e-01
6.170945846656903377e-01 4.358127923033380258e-01
6.148677776841591225e-01 4.330690671955322868e-01
6.123737842788558039e-01 4.297993546157964917e-01
6.101860957987202960e-01 4.259378144643988784e-01
6.084296512927439560e-01 4.221124825434471317e-01
6.064101451662364806e-01 4.185321425420689967e-01
6.042919998255285030e-01 4.151871903989133861e-01
6.012676568592328907e-01 4.123563688265275973e-01
5.978333932242275717e-01 4.103713652666900469e-01
5.941907895636269199e-01 4.090564824337356575e-01
5.900228373065826704e-01 4.080427597550808083e-01
5.861019592479377316e-01 4.074556456432106843e-01
5.845595075533973617e-01 4.075500220195223400e-01
5.842221389528885478e-01 4.082071227185889439e-01
5.839595420328234088e-01 4.087637202232694555e-01
5.834993461138555659e-01 4.088387465584894520e-01
5.828100658649805199e-01 4.083581363993016300e-01
5.823555993818082532e-01 4.074059936795322301e-01
5.812666794293639416e-01 4.060465137343624020e-01
5.794097421935273662e-01 4.043977463946645812e-01
5.768321176999327005e-01 4.023556860323967421e-01
5.731851348510187405e-01 4.004262573578800666e-01
5.694438319939866266e-01 3.981179261639129496e-01
5.658748872139907071e-01 3.955826372043062533e-01
5.627921006258828074e-01 3.928498839361118100e-01
5.615762388005007821e-01 3.906186546135833604e-01
5.627117959082966747e-01 3.890233829550096001e-01
5.639270355798571277e-01 3.874270905736366677e-01
5.640181420750206565e-01 3.860887238901509200e-01
5.642727963660095769e-01 3.848848075136954705e-01
5.646909984528206694e-01 3.838153414442680433e-01
5.652727483354539340e-01 3.828803256818685830e-01
5.660180460139092595e-01 3.820797602264972004e-01
5.669268914881868682e-01 3.814136450781537846e-01
5.679992847582866489e-01 3.808819802368383911e-01
