5.059108573724239166e-01 1.508993878084070039e-01
5.026354067966715133e-01 1.507812882671836774e-01
4.992813750196056222e-01 1.508605573511770659e-01
4.958487620412261876e-01 1.511371950603871972e-01
4.923375678615331541e-01 1.516112013948140713e-01
4.887477924805265772e-01 1.522825763544576883e-01
4.850794358982064569e-01 1.531513199393180202e-01
4.813324981145756798e-01 1.542174321493960110e-01
4.770512793398578033e-01 1.559584003767824911e-01
4.728648131249744146e-01 1.580509719266080249e-01
4.688202720422037784e-01 1.598940317986786430e-01
4.648363015500694417e-01 1.611794819659246591e-01
4.610413899788515790e-01 1.626651767691884576e-01
4.574964297842681327e-01 1.647283138193165741e-01
4.544797351996848755e-01 1.684487467977265895e-01
4.511040685673130546e-01 1.730538370922150293e-01
4.474763753457331461e-01 1.786571914793688987e-01
4.455160786932974570e-01 1.847470491180602803e-01
4.440931407035231260e-01 1.899314513033881768e-01
4.453202803210460359e-01 1.937669110513930981e-01
4.511124868738191074e-01 1.964915823612828072e-01
4.606257477497109898e-01 1.990147300435418376e-01
4.735014017890507576e-01 2.016286397951232434e-01
4.891214137703072673e-01 2.042138538209572751e-01
5.066051427325540812e-01 2.064601810269777460e-01
5.245574761030390443e-01 2.083662168472612541e-01
5.420170542611286724e-01 2.101649951611181122e-01
5.576024567109998387e-01 2.128847625999980564e-01
5.704353343577438507e-01 2.154154719270744145e-01
5.793768867648058096e-01 2.170276713587052375e-01
5.843618599537843128e-01 2.171048974559330047e-01
5.868969227393860955e-01 2.137286828653856829e-01
5.861273324327803680e-01 2.072632737828607463e-01
5.848487536292303890e-01 1.985807494340450507e-01
5.834741604274247262e-01 1.882526627493130988e-01
5.805599147917490654e-01 1.781511329957272682e-01
5.771625222663566701e-01 1.682969744388883304e-01
5.732016976063101232e-01 1.593533456595244147e-01
5.689569102692959568e-01 1.518010399999670246e-01
5.643646460852503877e-01 1.463390457144697898e-01
5.594636338868324010e-01 1.435902518384605253e-01
5.546036913923579892e-01 1.434199557045474083e-01
5.498880629086417837e-01 1.435905448991257050e-01
5.453907331729936914e-01 1.444335644601165702e-01
5.408935730273937148e-01 1.450123698463275379e-01
5.372413051613884605e-01 1.446208477020271832e-01
5.341044817035583980e-01 1.449197632694684268e-01
5.310774533996784896e-01 1.450199580839864333e-01
5.277723937552468714e-01 1.445333620002375030e-01
5.242666076211397463e-01 1.443069784889401963e-01
5.209333596186430659e-01 1.443908116396743768e-01
5.175437056910427991e-01 1.452178939435285199e-01
5.140235170250053720e-01 1.465994889380174138e-01
5.102637545016045495e-01 1.483339200192455576e-01
5.060475051133370705e-01 1.499913208624904237e-01
5.016995774405064168e-01 1.512570283531611548e-01
4.970109134507962878e-01 1.519645785853882269e-01
4.923342645168331533e-01 1.521879308363979222e-01
4.876950231882269393e-01 1.516899293364451229e-01
4.834188921419231288e-01 1.508111768718227441e-01
4.793938360602634785e-01 1.501929981676170534e-01
4.752986627466565528e-01 1.498192220252032580e-01
4.714530402179244462e-01 1.498340258770946842e-01
4.675624631918420260e-01 1.505401701409361526e-01
4.640661708909488148e-01 1.520878410986654383e-01
4.601790107483264003e-01 1.550192189971794643e-01
4.574910158755038925e-01 1.595826671134301933e-01
4.549262886673102746e-01 1.655191474370836247e-01
4.533038843001740426e-01 1.731591292096488766e-01
4.521069383459418445e-01 1.798285490247469032e-01
4.532798846922334590e-01 1.852054226452419239e-01
4.583164357761477792e-01 1.899939138425432161e-01
4.664364988447880500e-01 1.942924789713529610e-01
4.777694215601951955e-01 1.982606422307815475e-01
4.919583954692454686e-01 2.016800774168655830e-01
5.078702434695173684e-01 2.045933639841393259e-01
5.247161582854028561e-01 2.068893783772164929e-01
5.411992049055431853e-01 2.087427809227657416e-01
5.564781766941135910e-01 2.098586464899169779e-01
5.692172008941647210e-01 2.100828472845167050e-01
5.797676379594360885e-01 2.095289716353795073e-01
5.859603219442270916e-01 2.073455086121203939e-01
5.890761117589992102e-01 2.030880931276013435e-01
5.888853848789644685e-01 1.953432576688717281e-01
5.879517304411873146e-01 1.862419887365809046e-01
5.858773603698279597e-01 1.771198987421416793e-01
5.821586211342649753e-01 1.681631676212164972e-01
5.780315221704541706e-01 1.600736410369709428e-01
5.736912607067883307e-01 1.532822700647216152e-01
5.688460412068636618e-01 1.480755809205697993e-01
5.641507064055565346e-01 1.448600046235520022e-01
5.595352613548379983e-01 1.435227454517769563e-01
5.551768485777009987e-01 1.433104583041169000e-01
5.509909189125022921e-01 1.434518629069789497e-01
5.469933625799529020e-01 1.441629048386318668e-01
5.433131207168402366e-01 1.446326116091533609e-01
5.397753428549818544e-01 1.450012355368609507e-01
5.363252213637783594e-01 1.455123166153342029e-01
5.330174901366803164e-01 1.460021609634303830e-01
5.291888905866144466e-01 1.463502733955563961e-01
5.253178887237819339e-01 1.465810808660765741e-01
5.215559342597972936e-01 1.470614979170035141e-01
5.177222774039595965e-01 1.477030624091903166e-01
5.134980234085733120e-01 1.479357262542353169e-01
5.093430090543940025e-01 1.479669987885668947e-01
5.052172911922345744e-01 1.477586300124957841e-01
5.012082196738414375e-01 1.473671548506801099e-01
4.973887071350608924e-01 1.469164685965671513e-01
4.936973855775972919e-01 1.464879339636728783e-01
4.900667470235118284e-01 1.461290517004374956e-01
4.859004499955441592e-01 1.454176705347474674e-01
4.816384809858685889e-01 1.445338962844062713e-01
4.773980802540352952e-01 1.442492116090946797e-01
4.730570450897156887e-01 1.447846800493446939e-01
4.688764694049913917e-01 1.460241580980404241e-01
4.649578004670924525e-01 1.490001106154333899e-01
4.606135081651550056e-01 1.540947902795964386e-01
4.563164658406227425e-01 1.601955974803260241e-01
4.541020973775207192e-01 1.678715905992163582e-01
4.529733569373937119e-01 1.742173364259548274e-01
4.551926087470101745e-01 1.798745701755343762e-01
4.615294783093836783e-01 1.849591576675494453e-01
4.720289244371329018e-01 1.896911146414236859e-01
4.854097331271479132e-01 1.939243245987881392e-01
5.012263049367354784e-01 1.971949761269869428e-01
5.183887994127605037e-01 1.997943623033595073e-01
5.356807196571846674e-01 2.020863910066607316e-01
5.520137011735178900e-01 2.041888740267700231e-01
5.665937543724488545e-01 2.064215575947492554e-01
5.786009163608410999e-01 2.090363641130450478e-01
5.867022338496107325e-01 2.105408563333410754e-01
5.915907247034166705e-01 2.105503826119792810e-01
5.943437221902561074e-01 2.084047188586251043e-01
5.942645575126405122e-01 2.028269643157866731e-01
5.934785461533695905e-01 1.958114170380857999e-01
5.918708502437228791e-01 1.879619977053484381e-01
5.895623359744938119e-01 1.800557585323568355e-01
5.862617259651320412e-01 1.724631106152263726e-01
5.825472525342050290e-01 1.655938478616576781e-01
5.780309204602166462e-01 1.596915050329674735e-01
5.730511331450377499e-01 1.552456474951497967e-01
5.679236888346121948e-01 1.527641724677116231e-01
5.630277594290199472e-01 1.516052838903755029e-01
5.580958519586103339e-01 1.509263505223658042e-01
5.533280742114516926e-01 1.503392794013571065e-01
5.488806978070389642e-01 1.504995788384355382e-01
5.447276286949430668e-01 1.504444805205685798e-01
5.407936203533738606e-01 1.505770382298611820e-01
5.367197641959586818e-01 1.503523223000962084e-01
5.327696007840803105e-01 1.500531839029829728e-01
5.291760232114174345e-01 1.497871795391073624e-01
5.258333492602726977e-01 1.494925891112426630e-01
5.225569781135139813e-01 1.493528740438409275e-01
5.194959872448635663e-01 1.493460230158473179e-01
5.165851822535945104e-01 1.496971391444840149e-01
5.136347839735241338e-01 1.503837447900047142e-01
5.105613707147600433e-01 1.509110019757206045e-01
5.072113493179332133e-01 1.513811855834002740e-01
5.038559498830107453e-01 1.517660694424391721e-01
5.001574992594164382e-01 1.519638361434599849e-01
4.962373212182171756e-01 1.518387930965000576e-01
4.921969391102192781e-01 1.513644082513878331e-01
4.879367328067737986e-01 1.503207862646879500e-01
4.833854482454439383e-01 1.490891641621145125e-01
4.789686318975794888e-01 1.486217943791359186e-01
4.746069181558799643e-01 1.485573009667901234e-01
4.706480294061488601e-01 1.491705318381891798e-01
4.669771332546622800e-01 1.503557836308207496e-01
4.634812869367582744e-01 1.531451367684627529e-01
4.595152740564847349e-01 1.579569817668181608e-01
4.554579558145971929e-01 1.642808755598465786e-01
4.529750960444998142e-01 1.718226926898534512e-01
4.511827486402874010e-01 1.796378730109384203e-01
4.517561546008537210e-01 1.868969174531800448e-01
4.558598036140363852e-01 1.931542201818934323e-01
4.639347067515801060e-01 1.982016390265393946e-01
4.758549752278592448e-01 2.017615699660195994e-01
4.908682892225474381e-01 2.043242801907926287e-01
5.083380394122207768e-01 2.065197960823381418e-01
5.272596724702252047e-01 2.075622982029473595e-01
5.460062670491970804e-01 2.069055552935719910e-01
5.626061850273802456e-01 2.036435334930604135e-01
5.758886700032556094e-01 1.989757493070898331e-01
5.846824620374220238e-01 1.938592087089756610e-01
5.896705498253091982e-01 1.874746942412270356e-01
5.916137438554063266e-01 1.804465845699234072e-01
5.896916448800306743e-01 1.729784940702353002e-01
5.862103520475394625e-01 1.653642817320336578e-01
5.816997346295522675e-01 1.583092067036702411e-01
5.769992321325136952e-01 1.523667091158189546e-01
5.720940932968654469e-01 1.478758041135874168e-01
5.667947393197312334e-01 1.457259631264811450e-01
5.619236149938968694e-01 1.458860951311456156e-01
5.574090376698623839e-01 1.465832055424141911e-01
5.527876755770545492e-01 1.468590692697075983e-01
5.479944273896916185e-01 1.461261179112748887e-01
5.431644076675341548e-01 1.449699871140915364e-01
5.381990683024855393e-01 1.438820756398722644e-01
5.336715062279537847e-01 1.422108310380141016e-01
5.294096901945428701e-01 1.406514696945440068e-01
5.254150596139687268e-01 1.392327963496772791e-01
5.218416878540620418e-01 1.377755862015951904e-01
5.182926489756686239e-01 1.364734778037445806e-01
5.149074501041941421e-01 1.353227125573489564e-01
5.114560429327117408e-01 1.346736821114215554e-01
5.078061022639842603e-01 1.346678106493547356e-01
5.046825535426879838e-01 1.348342902520131281e-01
5.013907080861805809e-01 1.350102252010853543e-01
4.976682872254412082e-01 1.356071738096391588e-01
4.939618109577949001e-01 1.367663381326260363e-01
4.899650374958445243e-01 1.382036293254186865e-01
4.855349175800592887e-01 1.395772335755886828e-01
4.811449864870849247e-01 1.407223872469569037e-01
4.766926494389125413e-01 1.415157419524049609e-01
4.723445446782548740e-01 1.419659888582539553e-01
4.681040298075724304e-01 1.420744322004369453e-01
4.638243987819214431e-01 1.418217466967146290e-01
4.598334873154178992e-01 1.418638412769032131e-01
4.559833998054426685e-01 1.422001650430506081e-01
4.525081478902143184e-01 1.429972275349896960e-01
4.493452225335607952e-01 1.442402975052198832e-01
4.459463268383620504e-01 1.473407729718488601e-01
4.407544678962093676e-01 1.526210448860591262e-01
4.364874713830843023e-01 1.597403445934287292e-01
4.336564216678522876e-01 1.670737024885506350e-01
4.331471152974494254e-01 1.739912444110379430e-01
4.372281619056881397e-01 1.799940059627353206e-01
4.464733712813458988e-01 1.849843715650473785e-01
4.603306595826067160e-01 1.896209734597367746e-01
4.784521432483924697e-01 1.937683854167828179e-01
4.992610992349678645e-01 1.973462482383359362e-01
5.217095389625094892e-01 2.010136135563063420e-01
5.446793574823004525e-01 2.043018680891851013e-01
5.664565850976397421e-01 2.060687933572288855e-01
5.846881578410945135e-01 2.060461904128763622e-01
5.976401563952984386e-01 2.049131267211027896e-01
6.041329379534863264e-01 2.020953443794779592e-01
6.070267333703917023e-01 1.975036483005172261e-01
6.065623909639591416e-01 1.912538869888005810e-01
6.035709796448134323e-01 1.840191443041988839e-01
5.998483576925666139e-01 1.758707388493819523e-01
5.955180223710969667e-01 1.678978643266333393e-01
5.909203002895198065e-01 1.609621868414046475e-01
5.862958460911399383e-01 1.552247587372283522e-01
5.815237810708850930e-01 1.510463328922504456e-01
5.769989409058374763e-01 1.488861374725591880e-01
5.729123514162500763e-01 1.483811045663936956e-01
5.688183208935971846e-01 1.483072420051203544e-01
5.643558570162774402e-01 1.476799243715562204e-01
5.597986216458831210e-01 1.460702756411357828e-01
5.554291426865793913e-01 1.439928961015942421e-01
5.512911336454362488e-01 1.423036887095532610e-01
5.475447031167868239e-01 1.409011670367218694e-01
5.437798776777651444e-01 1.395957706201138571e-01
5.400791289579844889e-01 1.383289459064543092e-01
5.365754092440915279e-01 1.374055702761834696e-01
5.330489633849333497e-01 1.364846391915203738e-01
5.292862994099124530e-01 1.358184215709642151e-01
5.254994200905014345e-01 1.354749799314135528e-01
5.214847922594867402e-01 1.356193181076748022e-01
5.176130441518959069e-01 1.362867604553437417e-01
5.137596937326314173e-01 1.370872931782484150e-01
5.099079186290665922e-01 1.371253750982335540e-01
5.061164182775188536e-01 1.368438762237590978e-01
5.023116064826855798e-01 1.365180585179401329e-01
4.985041266922525249e-01 1.364140531056614591e-01
4.947821771397337698e-01 1.362972511425284972e-01
4.909714404004759114e-01 1.366131750706641446e-01
4.870439056087969565e-01 1.371955548476317677e-01
4.828726122821644928e-01 1.380705155398519179e-01
4.782708942620490511e-01 1.394424838178305870e-01
4.736600216697270938e-01 1.411091714962583177e-01
4.693014576963736584e-01 1.433543137295761327e-01
4.650203938937321757e-01 1.459792539005373979e-01
4.605593719633482297e-01 1.502673297985654965e-01
4.558058760284863786e-01 1.560764037645789026e-01
4.520961791951217945e-01 1.627255140925973065e-01
4.508382403472994682e-01 1.694656077013845241e-01
4.505003718229465548e-01 1.756456120521244779e-01
4.544894951231365221e-01 1.809655129639821114e-01
4.627214803415212740e-01 1.855335768531360952e-01
4.749489520739672566e-01 1.899009245013769942e-01
4.906085333403447102e-01 1.938295195005609040e-01
5.086209852231602380e-01 1.971411726054034252e-01
5.279461428590519478e-01 2.001435950331030555e-01
5.470481573186879443e-01 2.027250367052426117e-01
5.643377019808875072e-01 2.043983583536634341e-01
5.783992351180320401e-01 2.048502443602733258e-01
5.880549457278219094e-01 2.045777460029233885e-01
5.933430931147440912e-01 2.027568106198214259e-01
5.955801727545240176e-01 1.989826693793778356e-01
5.948866139709713119e-01 1.933439257457796046e-01
5.909036594818113386e-01 1.862088946735168116e-01
5.873473835746660932e-01 1.779945383244520007e-01
5.846307090639525361e-01 1.727786673641079629e-01
5.810541780247712174e-01 1.676318244388506906e-01
5.766177904571184731e-01 1.625540095486789904e-01
5.713215463609943034e-01 1.575452226935928901e-01
5.651654457363987083e-01 1.526054638735923619e-01
5.581494885833316877e-01 1.477347330886774612e-01
5.502736749017931306e-01 1.429330303388481049e-01
