8.771990814607655285e-01
8.523558281570314810e-01
8.054094986241425724e-01
7.541384635718200169e-01
6.513306917829448928e-01
5.588141485464497293e-01
6.121516127651872585e-01
5.228461001714026501e-01
4.726753085395397069e-01
5.463766473721700656e-01
4.550171770996787046e-01
4.928715560034068743e-01
5.549229733291887179e-01
4.708840017085857976e-01
3.707983661972005240e-01
4.118916282414563090e-01
3.872080586110570044e-01
3.222216631059769965e-01
3.303051995785274975e-01
3.770154789776999360e-01
6.403266815647191690e-01
5.468915991917282504e-01
5.670928579830418759e-01
5.844751540313354310e-01
7.904996816322569231e-01
6.631632410563285118e-01
6.051333165975930628e-01
3.416807308753396777e-01
2.250126491335594503e-01
2.093349207258959066e-01
2.429594152305231125e-01
3.036179573056193570e-01
3.648704170672670832e-01
4.361298914075593669e-01
4.796732474854667472e-01
5.861126893270962590e-01
6.259810550371733839e-01
6.607825381237953932e-01
7.238565790693106683e-01
8.353410737068328595e-01
1.044506897113158583e+00
1.147644784983902433e+00
1.176886552619668791e+00
1.234273664594033981e+00
1.075269391178500511e+00
1.102379286447136453e+00
1.050761320567985324e+00
4.877175967024074965e-01
3.210734218690743380e-01
8.196556635734613128e-01
1.008457135167898144e+00
1.028009599280297115e+00
1.002066589691054554e+00
1.052878671559976720e+00
1.034795669566903387e+00
8.466633032106604118e-01
7.146376689816307248e-01
5.269822537489112779e-01
4.479534075715830288e-01
2.550373126553225345e-01
2.720458871378949040e-01
2.514882681942453568e-01
2.643057511741819243e-01
2.632578429139427745e-01
2.145691609751602391e-01
1.490251649640291220e-01
1.280018295969095610e-01
6.286650814062604009e-02
6.407589501149228706e-02
8.288408693165771890e-02
1.134487374733164772e-01
1.649675909876157087e-01
1.012254779468392263e+00
7.188829411148849324e-01
1.225291986314898551e+00
1.140349217521647418e+00
3.994928650376592949e-01
3.196136088454841206e-01
1.879702645434239150e-01
1.234993646804050382e-01
1.238306303094823257e-01
1.521312998536239747e-01
2.132146904322090863e-01
3.972813542603789716e-01
4.566201073287046164e-01
5.036750796655284912e-01
6.217668465061414462e-01
6.911357906590400724e-01
7.299960369056859300e-01
7.996188524200230630e-01
9.545206950340578977e-01
1.113036602318805857e+00
1.069410968940444295e+00
9.935885924626839394e-01
9.240585746516170040e-01
9.293091791642369426e-01
8.470288586563649025e-01
7.786022764726850953e-01
8.105624435065944544e-01
8.148735890467484477e-01
7.983029419724252396e-01
4.313059859727106371e-01
3.525288483618199686e-01
3.258062314331576226e-01
4.030580151975587944e-01
4.314446021084380467e-01
4.473332885918600565e-01
4.857429611011939152e-01
4.966499290741956951e-01
2.520422941825595231e-01
2.152284280565889552e-01
1.510566184346796847e-01
1.970917606783372800e-01
1.031409258844735444e-01
1.111576684921890268e-01
1.359849814850918603e-01
1.128143176001570464e-01
1.907543114736885426e-01
1.675724116590482649e-01
1.080837682185022963e-01
1.458604114612275793e-01
2.017600540750039140e-01
3.151980301441335008e-01
5.292103448914493580e-01
8.024784297506334374e-01
7.055869094609856784e-01
2.535218636955552940e-01
2.095372303572893558e-01
7.844682097268082521e-02
4.612499272962115870e-02
7.125582472918967625e-02
9.342587606711866277e-02
1.541908259292706918e-01
2.516819631589343742e-01
3.225053055570883398e-01
4.054119758595355894e-01
4.601886480498939558e-01
5.387181087100730847e-01
6.313744052597788370e-01
7.236746410990315681e-01
7.710611520825074727e-01
8.697057787430155784e-01
9.877824910135072356e-01
1.091547234027243851e+00
1.119149016669146901e+00
1.083382526623940523e+00
1.003238616625505619e+00
9.548191186527439367e-01
7.931366753886193166e-01
9.528638539406296681e-01
1.134411257447866639e+00
1.213429728546632447e+00
1.213322323459379071e+00
1.136164077853728083e+00
9.891792482084528215e-01
9.121281894420953940e-01
8.535398793000863460e-01
8.365265689793680570e-01
8.163346267603610595e-01
6.862198279294261516e-01
6.230482910530075191e-01
5.373939877733190373e-01
5.085771873268110088e-01
4.131725248345081702e-01
2.826115618800559282e-01
2.377776672332689578e-01
3.027415514076676750e-01
3.175471040205274931e-01
3.046830451875319201e-01
3.563597667947834280e-01
3.553923019303513731e-01
2.761115702267214478e-01
2.357694395539201571e-01
2.342534338448966635e-01
2.169368537995081114e-01
1.915931140345727424e-01
3.966760384601148437e-01
1.002122711029186597e+00
8.048252805045462699e-01
8.971465157417196634e-01
6.570594271501334349e-01
5.120575186818554503e-01
3.628632615523692539e-01
3.515209891575397649e-01
3.561892441286956257e-01
3.907650284397263252e-01
4.119492553507625443e-01
4.927982144241969120e-01
5.958871157811113095e-01
7.140493226359444501e-01
7.551269733115217875e-01
9.939458648819960995e-01
1.062725417831774655e+00
1.145586835620080901e+00
1.155055399481527134e+00
1.105267621959749480e+00
1.039280584703969890e+00
1.093580178665316538e+00
7.381457313422868927e-01
6.769931763462908592e-01
7.196666436290288793e-01
7.414912149913716055e-01
7.582424518620468623e-01
3.862246655475298773e-01
7.018185752615986317e-01
6.705881358590690677e-01
6.728111669557780283e-01
7.826498301763886722e-01
7.447225196594501329e-01
7.402256664722359769e-01
5.960065055932979305e-01
6.110942767519705887e-01
5.700150668401977594e-01
5.028087563874665822e-01
4.475606707662507788e-01
4.282332820057817013e-01
3.703445311290813891e-01
2.980241027701603374e-01
2.921615523640701539e-01
2.639874492546904761e-01
2.651803209547804463e-01
2.451151786607805305e-01
2.288056823279995267e-01
2.428849899174569948e-01
2.189473582346133651e-01
1.883166891829110012e-01
1.643508073049491369e-01
1.358487552571258361e-01
2.228037741901145452e-01
6.422364951153571866e-01
5.548793669004967732e-01
6.949611252822063268e-01
4.258236959804694854e-01
2.732302009161426404e-01
2.193087214540726804e-01
1.864899665201662504e-01
2.157261046499666102e-01
2.350256225651904951e-01
2.799198155000901522e-01
3.143533248979255013e-01
3.828159796425323891e-01
4.635723179251904358e-01
5.792838263048676328e-01
6.341477472386857217e-01
7.165363654585276132e-01
8.680634515550468278e-01
9.789296937458898951e-01
1.065983015860041849e+00
1.157661917934537099e+00
1.182461238158464489e+00
1.233238961075380669e+00
1.292722760115121883e+00
1.065197504581880894e+00
1.007877889632293966e+00
1.216467171130953373e+00
1.146654505017829395e+00
1.271573945276054607e+00
1.273649542437083948e+00
1.209108502946342867e+00
1.130783392797281905e+00
1.141700044372973455e+00
1.199164082746575710e+00
1.088111541061609344e+00
1.027865947329799523e+00
9.389834994777256361e-01
8.840728351825538622e-01
7.741534337898416940e-01
6.327675763731144265e-01
4.158121956912199102e-01
3.763367930464513456e-01
2.855736376603121851e-01
2.709519402633528418e-01
2.979999628909885678e-01
3.068554672640645964e-01
3.179475702224551781e-01
3.552115047277473736e-01
3.540867207167269770e-01
3.165002194322606988e-01
3.270494680172714164e-01
2.585885490100905959e-01
2.634545625012764125e-01
3.270905197393804142e-01
6.672670747874258623e-01
7.688365523308483551e-01
6.579635534801835384e-01
3.127860490688090245e-01
1.772463592535495902e-01
1.613827266779375713e-01
1.601687091516915407e-01
1.879743172688140840e-01
1.813752699615268915e-01
2.429641812669680878e-01
3.105514246444779913e-01
3.937137382185845746e-01
4.399321982327297764e-01
5.136989842347603474e-01
6.012849663435609893e-01
6.344130940957756204e-01
7.798809966086694967e-01
9.572950026539578383e-01
1.101915011405693479e+00
