1.775290793423073277e-01
1.515358358447589926e-01
7.055230349206809137e-02
4.598549494824557410e-02
1.013010695278197398e-01
7.154492852013853710e-02
1.560117095019869504e-01
1.913023237275315036e-01
2.507624134802405313e-01
3.468174678634499131e-01
3.865807065864813596e-01
3.866629811155943286e-01
3.876081710866993157e-01
4.292507804687671347e-01
4.796257257713200106e-01
5.550462305227259474e-01
6.361680158866551693e-01
7.240497984249721908e-01
7.336010908663881391e-01
8.130964331848938853e-01
8.962201338402188133e-01
9.155005826304589700e-01
1.015881543956089539e+00
8.927995059552497059e-01
6.000022075091941964e-01
5.661390948501168197e-01
6.771044743698446666e-01
6.362640169774004262e-01
5.509688908660418383e-01
4.222498720581794318e-01
4.139970113999301704e-01
4.557081751804535896e-01
4.764307996545348312e-01
4.891264849175097629e-01
2.919120774681088215e-01
2.932210830239021515e-01
1.803338378486742943e-01
9.208853925198565160e-02
1.506443497618504823e-01
1.643808301305156316e-01
8.810887453665430802e-02
1.813201537034800637e-01
2.297981907996786421e-01
2.712043680823802427e-01
3.101739374243971392e-01
3.278024073067865030e-01
2.904836534453534291e-01
2.216743926792094921e-01
2.044027986257620777e-01
2.029357627240483408e-01
2.096684403093821425e-01
2.190868417545601687e-01
2.344860772050343101e-01
1.944801898044819233e-01
1.913179953496357000e-01
1.886934556339133762e-01
2.706002079784426417e-01
2.751377937791484318e-01
2.996797261044210625e-01
2.812072395456964857e-01
2.800526910304604877e-01
4.446604080080044374e-01
3.764159091376909627e-01
3.802380686778376040e-01
3.839531743747223169e-01
4.131597527965767402e-01
4.593618246822094853e-01
5.069551315759190935e-01
5.403587405663760057e-01
6.064935934290656139e-01
6.897938391304262451e-01
8.369368697693039261e-01
8.302615105100961124e-01
8.833585393374717709e-01
7.457079443252353501e-01
5.457345770536545793e-01
5.176223714179382096e-01
5.833708756373326976e-01
5.847764988372973205e-01
5.036362027333760594e-01
4.281938793926011178e-01
3.923259764253048121e-01
3.730267547656525018e-01
3.004034496858879466e-01
1.670926496796803218e-01
1.479724548734434320e-01
2.041920233453592970e-01
9.371813563299534466e-02
1.188855322584736751e-01
1.008311441650995011e-01
1.401635360443901357e-01
1.743518509482963053e-01
2.312527312284161640e-01
2.390399588126138897e-01
2.324444443748047429e-01
2.445977498874915279e-01
2.604989718764130768e-01
2.494520773485790766e-01
1.449674923122750148e-01
1.057248507838714907e-01
7.411616445604689296e-02
9.863389454572837889e-02
1.933591419722710536e-01
1.901068715457772673e-01
1.813170715097957575e-01
1.761851612611121942e-01
2.352559888338211502e-01
2.370734433022718690e-01
2.408204162516177638e-01
1.965266807709362407e-01
3.270639396848171176e-01
3.916378734520123972e-01
3.831454801378006425e-01
3.871710010746750585e-01
3.634388608545411903e-01
3.484829820559340874e-01
3.546295429470517346e-01
4.574780022525596901e-01
6.278149947186388857e-01
7.051697886541464788e-01
7.824456163173052481e-01
8.868721769517938780e-01
8.990336385510118156e-01
8.623830636167251207e-01
7.057390371864931122e-01
4.184638395190198867e-01
5.171257338831026784e-01
4.932608474400784759e-01
4.473995322180505663e-01
4.210184301990083089e-01
3.499553881094061292e-01
3.700062364308841500e-01
3.946152630940535366e-01
3.940614669104488543e-01
3.029342145465215297e-01
2.850588277591559194e-01
1.612541934194404447e-01
1.998422242160974305e-01
1.516998843549506870e-01
2.951213582317307460e-01
2.730322608786815430e-01
2.587006925874062446e-01
1.947027457259998817e-01
2.170413715717782188e-01
1.930014971263852019e-01
1.536855223470189602e-01
1.898806810372492826e-01
2.919769851365040525e-01
3.011182778032839846e-01
3.337289591476937378e-01
3.329738499513040795e-01
4.070330350025614941e-01
3.667680934990636410e-01
2.879283666270725517e-01
2.524270625935898793e-01
2.191268578842517079e-01
2.065248675193221972e-01
2.219864719730728075e-01
2.579143974584957033e-01
2.800519624191846746e-01
2.710021643401365754e-01
2.771153438935098356e-01
2.790788678942692225e-01
2.740974083376711001e-01
2.880684654427033697e-01
2.922342069398012887e-01
3.406841173144474211e-01
3.668664058339005107e-01
3.949312561029231228e-01
4.833141969547976591e-01
5.848985992654421873e-01
6.246321992361696385e-01
7.181976175241006066e-01
7.964774614316736390e-01
8.818502940115943156e-01
9.258964543289066595e-01
1.034185311039746757e+00
8.607500831397317809e-01
6.663044529379652525e-01
6.308431783404003790e-01
6.664227860410198989e-01
6.504965489450601490e-01
5.128778439893927343e-01
4.922082923841560320e-01
4.808342539354131806e-01
3.358492133699544913e-01
2.238558144437827746e-01
1.302073048834747893e-01
1.706769814024541865e-01
1.994166826639339751e-01
1.122492630979646522e-01
1.683210693248097245e-01
2.805239161498810918e-01
3.065789032995478447e-01
2.662090837194065474e-01
2.394872279650442082e-01
2.467723929331633037e-01
2.448358245603975414e-01
1.752032924303915939e-01
1.259596337442738245e-01
1.848796615947224109e-01
1.761547687171825249e-01
1.633331536583529919e-01
1.595073625033531228e-01
1.291465579350281057e-01
1.060226017096640022e-01
1.093335690072360644e-01
8.130305595940127972e-02
9.801345188195613456e-02
1.233225266537181231e-01
1.991381971723322208e-01
2.553901372701889994e-01
3.194914212701557843e-01
3.925404660862724104e-01
3.681343539337120774e-01
3.818170698974809318e-01
3.136936306142767417e-01
2.588866578620295789e-01
2.499117728611637557e-01
2.849877562774735806e-01
2.710040645205687437e-01
3.002984122584743676e-01
3.526480188222107515e-01
4.804431443357950471e-01
5.345341229378621772e-01
6.123254309769757819e-01
7.188398138549996208e-01
8.474432461529045613e-01
8.853486339445253428e-01
9.482074989201787485e-01
5.972988418159635993e-01
5.750543746241832954e-01
5.637337941409428232e-01
3.510191558032418335e-01
3.367191025716059216e-01
3.033188966105350715e-01
3.243434136606746510e-01
3.860166074296955685e-01
2.688222266143827088e-01
1.580743003950503545e-01
1.966080345328506396e-01
1.405245282743231849e-01
1.264218309550914909e-01
2.029340401578654807e-01
2.288346956590006365e-01
2.209851091279048663e-01
1.488586323661387212e-01
1.319126264029173157e-01
7.765038583945954587e-02
7.540900724832357016e-02
6.628712623181262642e-02
5.497601503637940951e-02
5.879435197411572028e-02
5.168357839976808060e-02
3.074190911833198439e-02
7.124823227844738482e-02
7.627450914425017159e-02
6.082697275820055788e-02
7.043318851803899439e-02
9.845299916051257483e-02
1.230607545929661845e-01
1.293698651151920787e-01
1.120907010689040778e-01
1.042480908791630079e-01
1.107003368916648633e-01
1.119725429263772887e-01
1.073611824503012124e-01
1.094057957434471789e-01
1.602914607498121258e-01
1.908697040077428075e-01
3.088581709199354486e-01
4.131121344510695903e-01
4.060764722710458741e-01
4.240194491827229406e-01
4.323612552922555530e-01
4.926195609695682709e-01
5.371399402815719704e-01
5.709630274278721940e-01
6.691662282140796725e-01
7.716736034427633673e-01
9.120530058669847895e-01
1.003260325454199631e+00
9.401517013156421854e-01
6.320575321686511261e-01
5.722306456037290490e-01
5.858193333908074951e-01
6.393588359229835927e-01
6.090637324875970426e-01
5.678567786148955854e-01
5.509419554462895441e-01
5.442025867260770200e-01
5.303748888399204553e-01
3.210486752953937706e-01
1.895786964011315634e-01
1.617342603262232892e-01
1.374634388995944756e-01
1.219429005219095780e-01
1.204981451674286691e-01
1.371251861323007082e-01
9.390007807841033172e-02
9.666127586816140871e-02
