5.764545493266158838e-01 2.241527653792324271e-01
5.805463893323382640e-01 2.211244263568845347e-01
5.842561601455855680e-01 2.179843751110410177e-01
5.875838617663575736e-01 2.147326116417019315e-01
5.905294941946545029e-01 2.113691359488672206e-01
5.930930574304761338e-01 2.078939480325369127e-01
5.952745514738226884e-01 2.043070478927109801e-01
5.970739763246976084e-01 2.006084355293906440e-01
5.985157883544885982e-01 1.955774181029387160e-01
5.990075815317351671e-01 1.908631246553837424e-01
5.992360426829445030e-01 1.863881320435547551e-01
6.004410574339128503e-01 1.822059254840498466e-01
6.008165644304818143e-01 1.788441291222215568e-01
6.010887812165686128e-01 1.766850476890677590e-01
5.996961701509673226e-01 1.758217477690590114e-01
5.968901295467772261e-01 1.751296022359072613e-01
5.883008290739653035e-01 1.752432046432850221e-01
5.796842860959805499e-01 1.736759713871995625e-01
5.753734725093442304e-01 1.731582192813658772e-01
5.714252457899238191e-01 1.715711400519678298e-01
5.671856458909942944e-01 1.683605344586791841e-01
5.636433031763997681e-01 1.653431341119490638e-01
5.607675836636500932e-01 1.632806985086993901e-01
5.580198400160877314e-01 1.621736320974609402e-01
5.563101232860994116e-01 1.616510061656736552e-01
5.555325686661937157e-01 1.618272018648389821e-01
5.541962161323095160e-01 1.627370476722726500e-01
5.531691768590173419e-01 1.644184441048644474e-01
5.498673835491194595e-01 1.666164033553188817e-01
5.438584416160786583e-01 1.684234977307911552e-01
5.350637701302123350e-01 1.701873673033400258e-01
5.302208683609452855e-01 1.709861876198618680e-01
5.283255503727868341e-01 1.726111194666704041e-01
5.246728377644322983e-01 1.717298379850613066e-01
5.204564611566582233e-01 1.696951895277973577e-01
5.163061217484998799e-01 1.679482703295238077e-01
5.120289329759704078e-01 1.661701937067032731e-01
5.069633213373359037e-01 1.642922729928038839e-01
5.029832456176664968e-01 1.634921150509597576e-01
4.987140018206404068e-01 1.634653156699107934e-01
4.940664299203287868e-01 1.640115860900197842e-01
4.916942995867605859e-01 1.653467014903945154e-01
5.002311676066414359e-01 1.665169623103086305e-01
5.124881330928141576e-01 1.676305224992580556e-01
5.262124717235595606e-01 1.694507268219521690e-01
5.408289040645354318e-01 1.718170539825759902e-01
5.560117872322338783e-01 1.742586086778089571e-01
5.700184018633516203e-01 1.763404356947861351e-01
5.813660808817866510e-01 1.773850168577696118e-01
5.895267843930462881e-01 1.785582538643583628e-01
5.946837872401654623e-01 1.798186330773721975e-01
5.964164999815168011e-01 1.815349258448753222e-01
5.961119793119507015e-01 1.842678893205816903e-01
5.930759746025084933e-01 1.876122056628794499e-01
5.893752165509597019e-01 1.904739792530363851e-01
5.899123666513053088e-01 1.922518246314115775e-01
5.973660533244826709e-01 1.922583980258244785e-01
6.015591560445793240e-01 1.916469668910525115e-01
6.045067043326053380e-01 1.912926331904150068e-01
6.074184249429175342e-01 1.895353997994342898e-01
6.098283545463906163e-01 1.866145008289986362e-01
6.105287987722025633e-01 1.828556660073925033e-01
6.098870175996011778e-01 1.785156970110424179e-01
6.090229919053884444e-01 1.751352258936861583e-01
6.078205963605164408e-01 1.724508788251239155e-01
6.077780601126070437e-01 1.714643847349012762e-01
6.029964623947523528e-01 1.701602216220019503e-01
5.929597981914709326e-01 1.690079917735113624e-01
5.839490114833467693e-01 1.671602317110994496e-01
5.780826561051828349e-01 1.650612496682430930e-01
5.738099877111544345e-01 1.627295237321129129e-01
5.703821485398613556e-01 1.606695817606490495e-01
5.670654596786186552e-01 1.593219562353600793e-01
5.637109192248415113e-01 1.583519397817594598e-01
5.607588793897012591e-01 1.584010483992054907e-01
5.582458548955819833e-01 1.592912105413592516e-01
5.571639494658626734e-01 1.610693718513221684e-01
5.563523144743591775e-01 1.632541856075313269e-01
5.549363421099249294e-01 1.657282415018911104e-01
5.526258360206842690e-01 1.684696829157187048e-01
5.445317762469844558e-01 1.691457955006570035e-01
5.353162955914178012e-01 1.691120508569407821e-01
5.306536791011788878e-01 1.683304066571724156e-01
5.280432348877086568e-01 1.668748679204233865e-01
5.254305919910476907e-01 1.646895356847159486e-01
5.218851549053653560e-01 1.621347114511214049e-01
5.172440799652749943e-01 1.599004620880032368e-01
5.119207229010149796e-01 1.586138504662673587e-01
5.074474102771148187e-01 1.587259825538195335e-01
5.053868553757157045e-01 1.598801683516533068e-01
5.061766565115771721e-01 1.623990211012146245e-01
5.106060505992175980e-01 1.654469787265389902e-01
5.183817130947574459e-01 1.687158770690685983e-01
5.290832151115240078e-01 1.722050536272222709e-01
5.404165949756772891e-01 1.743147953063663991e-01
5.539602794258873253e-01 1.769902373331175005e-01
5.682778492772233569e-01 1.803038261594825664e-01
5.827956018404756300e-01 1.841277968829583833e-01
5.948032538275946912e-01 1.878620437367480023e-01
6.039653724135350954e-01 1.913805599126351953e-01
6.096733793953459379e-01 1.949263980485745895e-01
6.122671925644024293e-01 1.982880712634308984e-01
6.125209922704256682e-01 2.014082253788402610e-01
6.125370089285009367e-01 2.044299711469083347e-01
6.121511431301375206e-01 2.065666323873263932e-01
6.129090011928990389e-01 2.073125839772818613e-01
6.130906273337006773e-01 2.062140092051418239e-01
6.133169524270519757e-01 2.036644188527079735e-01
6.132957454720268098e-01 1.991792016978728153e-01
6.148988460523544530e-01 1.953363204973326828e-01
6.168104727883179095e-01 1.918643719470349840e-01
6.191835050129818052e-01 1.884880166787377964e-01
6.196094923429393830e-01 1.850134109479819600e-01
6.194606241597343521e-01 1.819129353195304000e-01
6.180935253385000383e-01 1.790608561955975564e-01
6.164534075767240662e-01 1.764057784598347389e-01
6.130279729808651989e-01 1.739016280454757646e-01
6.074492075324632312e-01 1.709081354184397716e-01
6.000620770778085644e-01 1.685384264898525386e-01
5.926027847091569489e-01 1.684749070875254939e-01
5.855218835006505973e-01 1.685477361959578924e-01
5.786776642454188879e-01 1.684998546250814633e-01
5.725600814927249704e-01 1.685500458354873277e-01
5.673917321597861108e-01 1.691651296831373497e-01
5.636144641837415037e-01 1.702671307244461585e-01
5.608652847385007245e-01 1.712690978568073841e-01
5.585874712844810519e-01 1.722315181434433962e-01
5.570918921971244053e-01 1.729091888099783536e-01
5.559177418100379464e-01 1.732533253156231523e-01
5.549599114046948056e-01 1.730764783885154201e-01
5.528600889633175086e-01 1.717498075368726895e-01
5.492859743299558506e-01 1.695995955985065973e-01
5.456196550869863993e-01 1.689075499098774413e-01
5.423418371925556869e-01 1.688927207597250013e-01
5.389358380801029247e-01 1.676387171939496823e-01
5.347871621809423548e-01 1.660038705325243835e-01
5.306974851168149154e-01 1.648585414994365728e-01
5.264688900153591256e-01 1.640423266596393315e-01
5.220248289237763295e-01 1.633970617169178130e-01
5.173696004966833462e-01 1.627059234213514560e-01
5.127185396479294610e-01 1.627228883596576192e-01
5.080083685762770696e-01 1.627069998650538529e-01
5.061078986970575233e-01 1.639442659071677078e-01
5.074617292546608205e-01 1.653586535971637850e-01
5.108157071592609455e-01 1.671551124003148037e-01
5.160378870920926397e-01 1.693488713303312188e-01
5.229247272823760451e-01 1.725777561308581287e-01
5.303802547951119717e-01 1.763880538185267355e-01
5.393617178519957145e-01 1.803261922495407732e-01
5.497852489419683408e-01 1.842738475195433434e-01
5.601173104204235642e-01 1.877246300019839997e-01
5.695602492509416193e-01 1.904794507436633477e-01
5.769323814508634518e-01 1.922822759162257922e-01
5.828076734262386260e-01 1.932011151205910715e-01
5.871609818342078402e-01 1.938729997673735994e-01
5.908101100727477517e-01 1.939722252107864420e-01
5.951040048944498118e-01 1.944229418336007598e-01
5.982782772223907974e-01 1.938421291463526264e-01
6.000456691867119829e-01 1.931218379223519355e-01
6.015415877778099718e-01 1.919355600128357098e-01
6.025645608276297693e-01 1.907551795109375392e-01
6.030497078442500491e-01 1.887294882562915443e-01
6.044450773372942454e-01 1.860889866341303711e-01
6.056596063380900175e-01 1.831442139806800928e-01
6.056044357394775313e-01 1.796666780208580338e-01
6.045341631945475580e-01 1.761080718687766389e-01
6.023382450121055331e-01 1.726125822347763239e-01
5.999775241403053627e-01 1.695504442059625472e-01
5.970854943154657590e-01 1.670509762354036032e-01
5.945251999937065657e-01 1.659302667794733122e-01
5.916669144349973042e-01 1.639363695054041892e-01
5.859914194944251253e-01 1.627756044875451891e-01
5.808208920297612821e-01 1.668137755868670802e-01
5.751796447853190219e-01 1.690826127971468695e-01
5.697108141976815476e-01 1.700503719338474218e-01
5.642809972504176930e-01 1.701094544850872414e-01
5.598280215694925177e-01 1.698520129082978503e-01
5.554461273132976773e-01 1.693454482976137487e-01
5.513581931860769281e-01 1.687323192665489413e-01
5.476369153859959038e-01 1.679080017012178350e-01
5.443957020254726054e-01 1.669628764709205626e-01
5.419376222796060683e-01 1.656357032141543839e-01
5.403645422663654330e-01 1.640934982990256974e-01
5.390946045180821100e-01 1.626265508556806738e-01
5.372161664035016715e-01 1.605556935206806368e-01
5.330703302206527550e-01 1.611443690584804800e-01
5.298340205693166105e-01 1.643921563528251417e-01
5.255328902831474247e-01 1.635519701431248918e-01
5.212307924598620357e-01 1.622791137091184055e-01
5.168751726323153051e-01 1.611435599456554624e-01
5.132393678389013392e-01 1.607173101394973047e-01
5.083178187387590308e-01 1.616646023357624640e-01
5.043650722072163806e-01 1.639307704446551495e-01
5.026286402439128498e-01 1.667757479313820845e-01
5.039087648844855494e-01 1.701307926242717206e-01
5.082394056730169529e-01 1.733871065653297128e-01
5.143248254357448701e-01 1.767049252177805285e-01
5.221879597702746567e-01 1.795797314039732362e-01
5.304301882761126574e-01 1.824896591281469638e-01
5.391688179106763901e-01 1.844833733808950715e-01
5.484107295312523611e-01 1.859011109058683886e-01
5.567415873928878156e-01 1.859294585512784315e-01
5.640894063457675411e-01 1.847054733949559102e-01
5.693668131375236863e-01 1.823691447396094123e-01
5.728800784408807356e-01 1.795171310998745495e-01
5.744040921263058319e-01 1.765943091918989738e-01
5.763308137250735541e-01 1.736180813064412409e-01
5.788922253237622773e-01 1.708642551262463949e-01
5.818680589015698956e-01 1.685670211843784960e-01
5.848425403439653225e-01 1.668265986766220288e-01
5.870867661760975631e-01 1.657658986915839516e-01
5.893929123339103349e-01 1.654280787679414111e-01
5.908738171353092872e-01 1.661340451348430614e-01
5.931153096764369970e-01 1.670045657395247130e-01
5.954970686144451797e-01 1.685423299198246516e-01
5.972972866097221445e-01 1.698480665414051904e-01
5.989579633889727805e-01 1.710416269518141297e-01
5.995488948951512853e-01 1.714992587382986322e-01
5.997308210549884278e-01 1.714347062067757832e-01
5.991901531478432963e-01 1.710947961289428498e-01
5.976881287216634364e-01 1.707919695798097992e-01
5.956980903763611224e-01 1.711498746505160096e-01
5.940330114839336151e-01 1.712451173708998686e-01
5.897076567913106526e-01 1.700598256080947668e-01
5.853470710607708849e-01 1.704846560145944490e-01
5.798709283047703833e-01 1.697305249412684180e-01
5.739050696877905366e-01 1.686243034595826806e-01
5.681826561284851751e-01 1.677751956482288198e-01
5.630491970351410025e-01 1.671793213257432298e-01
5.586708911403842626e-01 1.670630042908967106e-01
5.545263235925042000e-01 1.673926664693332622e-01
5.508193744793228319e-01 1.679800776334918755e-01
5.472299829867122156e-01 1.687338380792031689e-01
5.440406606208176843e-01 1.699447082718043012e-01
5.410083863530255055e-01 1.713095696263732814e-01
5.385047504804822971e-01 1.727808144836953386e-01
5.361730762196912359e-01 1.731992941636315286e-01
5.320579483498305562e-01 1.726802992065577524e-01
5.290990541423636895e-01 1.731234089821181987e-01
5.251431358346062561e-01 1.712991281871891480e-01
5.213537318674177357e-01 1.696898714449620038e-01
5.179648650717441072e-01 1.683037031829636432e-01
5.146996205209095621e-01 1.669059518775258821e-01
5.115742767018998105e-01 1.656092766183543119e-01
5.085084415129434987e-01 1.642094227523295258e-01
5.049124802129868472e-01 1.623379187886000996e-01
5.012271733845009569e-01 1.608496063974657331e-01
4.984738483957603661e-01 1.609784223375286261e-01
4.964224258699056480e-01 1.620578155798079734e-01
4.978297586624467197e-01 1.631432168623989654e-01
5.009446186177899385e-01 1.640818963762870619e-01
5.060684887801928378e-01 1.668167467570422224e-01
5.133082048925368124e-01 1.708622212323677447e-01
5.232257008822285282e-01 1.761558417820832667e-01
5.342900620866175565e-01 1.815343315784758160e-01
5.450292609126350385e-01 1.856281092264004673e-01
5.553681652470443542e-01 1.885532020443715651e-01
5.648118551230569828e-01 1.902479326023785722e-01
5.725890133175945973e-01 1.907686046345751785e-01
5.776957391613781745e-01 1.897780788430271925e-01
5.810617744652966099e-01 1.881645422176009275e-01
5.826414789549397844e-01 1.867577463793009818e-01
5.835566732678511004e-01 1.846342396412510023e-01
5.853988978118411790e-01 1.820132762058838116e-01
5.867175463098239785e-01 1.798782404191903439e-01
5.888674350885277908e-01 1.794763055322406986e-01
5.920905070067563614e-01 1.792179133557636195e-01
5.962553448267146061e-01 1.791758655422963087e-01
5.999821763232856542e-01 1.784413883588982230e-01
6.029791499694581169e-01 1.767998400317068453e-01
6.057471848181503749e-01 1.752793977163505934e-01
6.080012003760566497e-01 1.738640492857860820e-01
6.085812467255777847e-01 1.724731180462911739e-01
6.077687141582470698e-01 1.707636675144222349e-01
6.058733738925156098e-01 1.692461992820473160e-01
6.035591381707376968e-01 1.684087173431716711e-01
5.989624574173663119e-01 1.660567584080943071e-01
5.931192482219056483e-01 1.664980115933664961e-01
5.877517938613924242e-01 1.675216833930219251e-01
5.824826860320008182e-01 1.688472874024344594e-01
5.772993690827346036e-01 1.702684385204756290e-01
5.718353013107712046e-01 1.719054080242494731e-01
5.667781989498947848e-01 1.737026422811319692e-01
5.622092010208955548e-01 1.752302559792196235e-01
5.585541660969104427e-01 1.767018558213084289e-01
5.557003677161062027e-01 1.778940537396609400e-01
5.528966949536281428e-01 1.784325410877427576e-01
5.507919620065159227e-01 1.784771854521472190e-01
5.493483648580693712e-01 1.778422820622035661e-01
5.475823484394914953e-01 1.759521880300885521e-01
5.437917091188417817e-01 1.727906777308547137e-01
5.402244384472216776e-01 1.719612947416530868e-01
5.373765369885677989e-01 1.702085285165200745e-01
5.342383950004779836e-01 1.684421243710764737e-01
5.305703996186417193e-01 1.673041987800566732e-01
5.266581421774587657e-01 1.662845834868139916e-01
5.225016226769261252e-01 1.653832784913474574e-01
5.181008411170435757e-01 1.646002837936570706e-01
5.134557974978111172e-01 1.639355993937427758e-01
5.085664918192289718e-01 1.633892252916046284e-01
5.034329240812970285e-01 1.629611614872426284e-01
