5.534161106628527893e-01 3.957109929884179422e-01
5.484245977732311594e-01 3.948048162610589551e-01
5.437114541693971459e-01 3.940140586016480650e-01
5.392766798513506377e-01 3.933387200101852166e-01
5.351202748190916347e-01 3.927788004866705762e-01
5.312422390726201371e-01 3.923343000311039774e-01
5.276425726119362558e-01 3.920052186434854757e-01
5.243212754370429884e-01 3.917915563238174581e-01
5.213577821243972066e-01 3.914778345310871988e-01
5.186323416718559010e-01 3.916072583306451360e-01
5.161616972668706671e-01 3.918892677013713355e-01
5.136161578726473609e-01 3.921647551912010310e-01
5.115985452859139748e-01 3.924356089458228558e-01
5.092358113953459053e-01 3.934332048731174480e-01
5.078453972328871302e-01 3.952177205776219449e-01
5.078263928447941389e-01 3.973334966741558505e-01
5.093271756064327027e-01 3.992239246001633157e-01
5.122303743168268308e-01 4.015930170926595988e-01
5.156373615718025105e-01 4.038713594367623894e-01
5.210039211614129195e-01 4.070438477788058673e-01
5.276059660436910326e-01 4.102577883733366515e-01
5.359200789917678565e-01 4.141029024016287252e-01
5.454823066745979609e-01 4.189894178334427899e-01
5.556585508773800308e-01 4.246258690346443876e-01
5.659783555911169772e-01 4.303730474877706103e-01
5.756062065853824183e-01 4.360777752431833632e-01
5.841957719077923716e-01 4.413389589452121342e-01
5.905403920428279330e-01 4.470349664601830364e-01
5.961643511353608149e-01 4.516731185071634069e-01
6.007514674739095062e-01 4.551657216041901655e-01
6.037757890256855164e-01 4.561673099638675621e-01
6.049614002262340140e-01 4.542810780430297513e-01
6.046298224462137716e-01 4.494646302715171737e-01
6.046450652148422922e-01 4.429027334597340770e-01
6.039317895384429535e-01 4.341887383439446690e-01
6.032601130494199548e-01 4.251735729869158820e-01
6.020286566531530825e-01 4.159138351004611489e-01
6.004205289469619622e-01 4.069155578160200681e-01
5.986805104022685509e-01 3.987143077461989815e-01
5.968652449042581853e-01 3.919150308785956938e-01
5.951128015151423423e-01 3.871560645319239713e-01
5.938278390271665153e-01 3.849264448045087716e-01
5.925419261013253891e-01 3.842725685279315684e-01
5.906862816120198589e-01 3.851012705138388004e-01
5.880000549204241755e-01 3.857800526316910172e-01
5.852429663973188756e-01 3.860587383287546470e-01
5.824573553525517200e-01 3.864852972699527878e-01
5.794204978921326799e-01 3.867910144016236118e-01
5.753707248700721255e-01 3.867906683710387039e-01
5.706579267708995484e-01 3.867043882473583660e-01
5.653993881665775323e-01 3.866125629498430305e-01
5.598809100923527460e-01 3.868585977619072303e-01
5.544599086990215087e-01 3.873390712889093201e-01
5.495027461203005892e-01 3.880989831497248521e-01
5.451539799638493999e-01 3.890834105500290963e-01
5.416492486971027365e-01 3.902042541568657708e-01
5.379983471529546923e-01 3.912364038407015743e-01
5.341766114688057954e-01 3.921843391737809270e-01
5.307347901806063195e-01 3.929112198665692945e-01
5.280233276915256013e-01 3.935413723617679493e-01
5.255334149658439369e-01 3.941871564852188481e-01
5.230954079067035023e-01 3.948341402532850042e-01
5.208416259126994463e-01 3.953564027315912832e-01
5.185509332704357766e-01 3.959575076448454412e-01
5.166624787706084465e-01 3.968449117910830548e-01
5.155950482614468644e-01 3.975983311148272858e-01
5.161416906576918873e-01 3.985357502466975177e-01
5.177474673517178383e-01 3.989875048533846336e-01
5.208663296915316820e-01 4.001712530986238914e-01
5.243667388933306306e-01 4.008145767099740020e-01
5.289061222680584429e-01 4.028310615552519458e-01
5.351345532080736822e-01 4.055166025506987681e-01
5.432257325401164127e-01 4.091623341335992592e-01
5.524478748912755588e-01 4.139797903293960801e-01
5.623615257340890405e-01 4.199836038895885526e-01
5.720051590673556063e-01 4.267017400102941505e-01
5.809764959154117836e-01 4.334525437916050272e-01
5.886535133711385814e-01 4.398348677751728886e-01
5.954878209403230427e-01 4.462643707499809875e-01
6.012406869711414137e-01 4.515117155480734557e-01
6.058208316699446039e-01 4.551967207123276959e-01
6.083531319285984118e-01 4.548785475584202764e-01
6.092473232907981151e-01 4.519332583673424941e-01
6.083651880333360573e-01 4.456037199335425303e-01
6.072336035616291428e-01 4.378259085422212538e-01
6.065482406055260345e-01 4.280960913697003933e-01
6.055496207189809965e-01 4.181341168567629385e-01
6.041794740236756667e-01 4.085039037385160832e-01
6.024491353272346528e-01 3.996902820211751806e-01
6.001515282225319270e-01 3.921757736896519519e-01
5.989817037841347336e-01 3.866596662620635505e-01
5.992246647226358025e-01 3.836911997104683891e-01
5.998085913075614783e-01 3.835520577107101592e-01
5.995666023832674218e-01 3.847476606455345616e-01
5.986002069792629721e-01 3.864731075537172766e-01
5.965612361873471325e-01 3.874451579011964908e-01
5.936831503971702340e-01 3.883849455760097213e-01
5.903172807995583637e-01 3.889272919607400514e-01
5.861825022762210402e-01 3.887190699577353636e-01
5.816244624319152345e-01 3.882934591349455067e-01
5.760367591456623249e-01 3.878033156308675067e-01
5.698743012156454180e-01 3.870987142912424295e-01
5.634111256081626440e-01 3.863293593825279926e-01
5.572829626804054470e-01 3.856803375671373768e-01
5.528889647436389110e-01 3.854563303123254014e-01
5.493811160730591725e-01 3.854911837103162098e-01
5.454677506269942633e-01 3.854674749784361421e-01
5.412281643751011284e-01 3.856782659686010528e-01
5.370715690414320509e-01 3.861172562810652464e-01
5.329668478189041325e-01 3.867832120187703060e-01
5.291102608404577579e-01 3.873623243823871576e-01
5.256750447717757346e-01 3.876236597876765444e-01
5.227140915339918426e-01 3.881011893846352256e-01
5.202477806294155682e-01 3.889144668751733924e-01
5.171269183245208456e-01 3.906461394210768434e-01
5.149664625862633294e-01 3.930541393444031417e-01
5.144340346301871092e-01 3.958896806337197649e-01
5.158214131092083710e-01 3.984479263357469936e-01
5.190121133942439124e-01 4.010722646346481790e-01
5.232918088792166689e-01 4.029405718475467801e-01
5.294566560654648812e-01 4.045860098497922608e-01
5.378141688005986243e-01 4.072017594160560749e-01
5.476351951042481847e-01 4.107626388515305815e-01
5.584064540819916322e-01 4.148956309076911042e-01
5.693605254138789373e-01 4.194028027456833674e-01
5.796591987437285098e-01 4.240095794470625234e-01
5.884563512392206874e-01 4.291907319655809960e-01
5.952522292396095205e-01 4.345961141909973069e-01
5.995906098396024397e-01 4.404007228790929318e-01
6.032476582678227839e-01 4.459077110657350129e-01
6.057957052645135398e-01 4.500649402044502589e-01
6.073141526312884064e-01 4.518493258575533300e-01
6.075090046921501896e-01 4.512109403157151810e-01
6.069031383656842138e-01 4.473008795561319584e-01
6.064651438014033724e-01 4.413674866991370016e-01
6.062900205003763920e-01 4.342872744232305626e-01
6.062542861942825656e-01 4.265654883773102868e-01
6.061715839135735084e-01 4.182661918493441044e-01
6.055558609207325471e-01 4.099037455217893755e-01
6.041713221580229387e-01 4.020812291904835023e-01
6.023154423247668587e-01 3.954775111168241097e-01
6.002241348249374164e-01 3.904380641911386340e-01
5.978231471588203449e-01 3.873751669447907386e-01
5.959108698422046491e-01 3.862626198190391991e-01
5.945700113589980074e-01 3.863943505071428808e-01
5.934047448689074855e-01 3.868750523657842333e-01
5.917571669790033795e-01 3.872246348480315459e-01
5.900140076740868489e-01 3.871268443931843439e-01
5.878076738361892595e-01 3.867908716741212949e-01
5.851690242732844327e-01 3.864115327731538763e-01
5.820810089283972033e-01 3.860722858441922867e-01
5.783491131407135777e-01 3.853419770482460760e-01
5.738298075770932316e-01 3.842325242935824003e-01
5.690534247532181844e-01 3.833508380397973592e-01
5.642187095335737812e-01 3.829035247612884163e-01
5.593739933018263555e-01 3.828268570597916365e-01
5.547141008787056515e-01 3.831188849194578361e-01
5.510312966092171250e-01 3.838506739603469997e-01
5.477640920095345756e-01 3.848551661180716343e-01
5.444309150471438041e-01 3.856722521566179340e-01
5.408135325121155024e-01 3.863794112097645450e-01
5.373097409490037446e-01 3.870709042203933636e-01
5.336704147347527405e-01 3.876800615863045252e-01
5.299168888799774546e-01 3.881713208569682050e-01
5.264227711237423613e-01 3.884547042630938085e-01
5.234571510850064557e-01 3.884764880616222715e-01
5.210011345768434943e-01 3.884467425928957440e-01
5.186597296015738046e-01 3.889798597512763023e-01
5.167052900089965650e-01 3.898522612735718651e-01
5.159494636824797364e-01 3.911299408830690716e-01
5.167885881203899689e-01 3.927786261247855348e-01
5.192224030041615590e-01 3.948532949205999509e-01
5.228537024416024526e-01 3.966498276227222730e-01
5.276630426424151477e-01 3.989902219081918888e-01
5.342622939278127703e-01 4.017422279081755421e-01
5.425400082342255459e-01 4.050363527703632061e-01
5.523925529346238594e-01 4.093390092590838414e-01
5.630726528383519502e-01 4.141231722961207229e-01
5.740350314934361542e-01 4.188845260110938828e-01
5.847323651227509522e-01 4.238382592999581644e-01
5.941169880634012967e-01 4.292067742455623058e-01
6.013836284568441215e-01 4.333925578928665701e-01
6.066991374503467593e-01 4.351245141137264349e-01
6.107317070615810861e-01 4.345360830898222781e-01
6.131354355704226045e-01 4.318705632675851058e-01
6.137396186725081471e-01 4.269102147262044955e-01
6.130288822618579214e-01 4.198312930391948083e-01
6.115539462318282382e-01 4.120258818384772148e-01
6.103327307765874510e-01 4.038600534874951520e-01
6.087929609674168629e-01 3.961654577859409221e-01
6.069867475000476631e-01 3.897497648567118111e-01
6.046512181402904362e-01 3.845097878400038915e-01
6.023116734772280267e-01 3.810144407177424308e-01
5.998269930144813911e-01 3.794781242021090240e-01
5.972432765486047623e-01 3.793840707157553060e-01
5.945311355914498774e-01 3.793048334876897298e-01
5.917879086274400180e-01 3.792422615025399235e-01
5.891908589531427154e-01 3.795321795196036629e-01
5.865230327817682054e-01 3.802563227140007829e-01
5.841453634236226655e-01 3.808781678320617425e-01
5.819906650085827637e-01 3.813955889028682877e-01
5.795122887753825225e-01 3.818224854598779028e-01
5.762249016653930855e-01 3.822921916909908235e-01
5.717889229097009585e-01 3.826465961620300615e-01
5.665065391031357533e-01 3.829683774197285007e-01
5.605923622981486831e-01 3.833653316238908038e-01
5.546293144851819346e-01 3.838708072226533208e-01
5.486911867538759591e-01 3.842485775235572887e-01
5.433623847378895588e-01 3.846738273202046088e-01
5.385467252040910813e-01 3.853450160760167886e-01
5.341629154541942537e-01 3.859885076052484987e-01
5.300209177025871909e-01 3.863469589889341194e-01
5.264290545321187453e-01 3.865475573151381794e-01
5.234434779952583661e-01 3.864968381855844459e-01
5.208218679708622734e-01 3.860961165902862535e-01
5.182561528628797376e-01 3.855712320470184307e-01
5.155918394818054251e-01 3.848847168603116153e-01
5.131267749346248852e-01 3.842035079433928635e-01
5.109393180765207099e-01 3.836039194693953713e-01
5.090165227786476176e-01 3.834667059091442787e-01
5.067443730604623831e-01 3.842712970880383105e-01
5.043850551363597834e-01 3.858402141618534342e-01
5.035758151727592891e-01 3.879936465310855898e-01
5.037375841744913263e-01 3.900964316739237714e-01
5.056927954988810203e-01 3.916159573183901621e-01
5.100961047599786857e-01 3.932544258385244351e-01
5.168548197767882657e-01 3.953057319330436359e-01
5.260320765400394727e-01 3.988034062795531853e-01
5.375610983209941907e-01 4.035693856386060041e-01
5.503080280118428647e-01 4.099968901047363334e-01
5.637311622028469138e-01 4.172677394491538516e-01
5.770666691512575941e-01 4.251660708388615983e-01
5.892317917551962436e-01 4.337210122816188007e-01
5.992409296165258636e-01 4.422677478099865667e-01
6.059763824777939512e-01 4.493843241514688946e-01
6.101339882315587326e-01 4.536147832870508489e-01
6.126202970608362053e-01 4.539096687174515865e-01
6.127753223229351898e-01 4.504063729786790260e-01
6.120103698510424017e-01 4.440720815464407334e-01
6.109560914708512813e-01 4.357566163550699034e-01
6.092174625504643837e-01 4.264080542784494665e-01
6.072321499095277852e-01 4.175956947771156114e-01
6.052300540030846054e-01 4.095479351902462928e-01
6.029706176050142474e-01 4.027637218997511814e-01
6.008639014144862012e-01 3.967847468626467533e-01
5.987989550801996463e-01 3.924682954857274808e-01
5.965596939104209628e-01 3.902015697902166402e-01
5.941057170678082366e-01 3.889883680580989989e-01
5.916438775904071523e-01 3.880240519661730669e-01
5.892808382327773264e-01 3.870233971069323431e-01
5.874791131839526281e-01 3.861292149686187947e-01
5.861880619062050934e-01 3.859987230861909868e-01
5.853514816426615974e-01 3.861716464633877521e-01
5.845078682467981235e-01 3.862903640281042938e-01
5.828772687804139041e-01 3.868586356283874594e-01
5.806362892168173140e-01 3.875644336998214645e-01
5.777700612987360929e-01 3.881848376800593470e-01
5.741307350305443480e-01 3.884959968506502825e-01
5.697559743445415048e-01 3.883686050570410719e-01
5.648670445739985002e-01 3.882261292427395816e-01
5.596101719869239766e-01 3.881268149047976679e-01
5.540872729741641578e-01 3.878350992008593456e-01
5.489216494883917274e-01 3.873822763494798038e-01
5.441203836402234151e-01 3.867101900178404605e-01
5.400637913073919050e-01 3.861087532065055061e-01
5.365754186298004047e-01 3.854654618517867060e-01
5.335613327867874123e-01 3.848573036862735774e-01
5.307306469295928197e-01 3.844728014048429676e-01
5.280754339641066109e-01 3.841014722893162370e-01
5.257337174264583579e-01 3.834622916592753672e-01
5.236218837591347652e-01 3.831418384254269838e-01
5.217209192962157793e-01 3.833853490212406068e-01
5.200675085658970076e-01 3.844351621774548255e-01
5.179630004982092029e-01 3.866804769136269471e-01
5.161151914575010657e-01 3.896639902127835842e-01
5.155169484841906069e-01 3.930043750758646093e-01
5.165824147371174124e-01 3.962899429765783799e-01
5.195215758694811115e-01 3.993541028704601370e-01
5.234504578340137826e-01 4.014788613599912237e-01
5.296873147671068427e-01 4.027279913695172575e-01
5.383138189488436698e-01 4.048842334639455309e-01
5.484330357469615613e-01 4.079094885161582695e-01
5.594036540834104176e-01 4.114766926787041257e-01
5.709314946675224656e-01 4.153674550185939007e-01
5.820085197012920819e-01 4.200934570299577620e-01
5.917520734519473580e-01 4.254934632940013950e-01
5.993743141312437572e-01 4.314479634772622196e-01
6.043988970609845968e-01 4.378052207139846441e-01
6.076867256768723191e-01 4.420975600432510699e-01
6.097397356011783343e-01 4.440941529036672719e-01
6.105541542644448150e-01 4.428085788882181184e-01
6.101004704091377295e-01 4.386305983249982332e-01
6.082625862699861941e-01 4.317343881227335700e-01
6.071277062278022107e-01 4.232637768417485402e-01
6.058014273104083136e-01 4.178370825729602611e-01
6.040769088977214762e-01 4.119556622826519021e-01
6.019541509897380349e-01 4.056195159708210207e-01
5.994331535864582117e-01 3.988286436374676169e-01
5.965139166878817845e-01 3.915830452825916352e-01
5.931964402940087533e-01 3.838827209061931311e-01
5.894807244048393402e-01 3.757276705082720492e-01
