5.330324896994756978e-01 2.770983527688418713e-01
5.358744724207563648e-01 2.699670431493710887e-01
5.384645913521087790e-01 2.630357517877083828e-01
5.408028464935329405e-01 2.563044786838538647e-01
5.428892378450287381e-01 2.497732238378074232e-01
5.447237654065961721e-01 2.434419872495691417e-01
5.463064291782353532e-01 2.373107689191389924e-01
5.476372291599493902e-01 2.313795688465183353e-01
5.491510820065179654e-01 2.241345849511862665e-01
5.499324328759167546e-01 2.177629175768730496e-01
5.504717135860939248e-01 2.124172323969166776e-01
5.509503339210817252e-01 2.079429317923164877e-01
5.505614734882713357e-01 2.038208223036522826e-01
5.497736742054206704e-01 1.999328718465928634e-01
5.497485105268586913e-01 1.976190929499158089e-01
5.478587431605616009e-01 1.958678281684817502e-01
5.404817549081979422e-01 1.949058566158184680e-01
5.331268249593739128e-01 1.927076841911050664e-01
5.319797305230131723e-01 1.911451482125547940e-01
5.309140117999144870e-01 1.898846238986410251e-01
5.294123695446923961e-01 1.893280320577502840e-01
5.272302819053541478e-01 1.890883487274215291e-01
5.241871877763095711e-01 1.887729602162125653e-01
5.202838037618174871e-01 1.887050556381374145e-01
5.161055964042726707e-01 1.883878918794495705e-01
5.117514865161095772e-01 1.877440056649818390e-01
5.070205912600843634e-01 1.868650647849529611e-01
5.027860154123895420e-01 1.863885703669424798e-01
4.980941065296357051e-01 1.863478184825165529e-01
4.901045697037478277e-01 1.867874718899111830e-01
4.800173077378364628e-01 1.878572057814630325e-01
4.744808916862220949e-01 1.887197632056026864e-01
4.739318490567816511e-01 1.914376518845029573e-01
4.705070109928382038e-01 1.933363316285675038e-01
4.671695015279442309e-01 1.957839217660664599e-01
4.641916697381335277e-01 1.990112369416537352e-01
4.614377940132633471e-01 2.030095892254594747e-01
4.591431057021654327e-01 2.079176286227035209e-01
4.578067163806181505e-01 2.135302641273096325e-01
4.568885744966558193e-01 2.191026299247926246e-01
4.558090909034444582e-01 2.267758086256324856e-01
4.566318679718975315e-01 2.323828837450825913e-01
4.665236329331143295e-01 2.327648796107447682e-01
4.795141471996593463e-01 2.308828897605667285e-01
4.936156354608606245e-01 2.285602320373341101e-01
5.082224304320075436e-01 2.260586074035104698e-01
5.227361827953938000e-01 2.229560859602513490e-01
5.358421990504661503e-01 2.199806515447706723e-01
5.472659150399804551e-01 2.183102915189936710e-01
5.560466911728056960e-01 2.185116774895624614e-01
5.610581269361346601e-01 2.214098722147198883e-01
5.630384490770483641e-01 2.253778199804327143e-01
5.617031875778678573e-01 2.305022301717054578e-01
5.573563577902295174e-01 2.355378759932207355e-01
5.519650164772513801e-01 2.398603158299213722e-01
5.493968845492605002e-01 2.381907917255742801e-01
5.528454785972729546e-01 2.315880011109757997e-01
5.539685457000936841e-01 2.248541583842294522e-01
5.546519199647546028e-01 2.189167864182428591e-01
5.553062594853945821e-01 2.119495637276605227e-01
5.556986740811409309e-01 2.045479335396549470e-01
5.553817539193542929e-01 1.973536467120669269e-01
5.543822556599263818e-01 1.906782956144939256e-01
5.525622868969460866e-01 1.853957448070416014e-01
5.501448920949043586e-01 1.818398764769965925e-01
5.481007340267263217e-01 1.780011628547954750e-01
5.445190561303216992e-01 1.758569421811350952e-01
5.344714456823647097e-01 1.743844379127305055e-01
5.280627043538532739e-01 1.735964597080637550e-01
5.287913099942733730e-01 1.750958504719981601e-01
5.299776538464847642e-01 1.771483532983263443e-01
5.306225970050357787e-01 1.800006832472349771e-01
5.301032214682596111e-01 1.828956212393309522e-01
5.285076859310231523e-01 1.846966735917528746e-01
5.260664532357240963e-01 1.860606238313400607e-01
5.225281843502627144e-01 1.863710154235643235e-01
5.182110552604410891e-01 1.857546054399940860e-01
5.131187234259327878e-01 1.846223679602965739e-01
5.075278554836577527e-01 1.829469212040112924e-01
5.004795224148792521e-01 1.808728574088266650e-01
4.904451418786055505e-01 1.799488303887908092e-01
4.783639929682987901e-01 1.800906100424176648e-01
4.747768712529256696e-01 1.815808229316963063e-01
4.747286449999857938e-01 1.846435109954084886e-01
4.717555335474257205e-01 1.868982462861429883e-01
4.687072334785833405e-01 1.911044132655573269e-01
4.656223520704010910e-01 1.965800044223744436e-01
4.623886997883162597e-01 2.029983745980597776e-01
4.595807271305817898e-01 2.096445262701814305e-01
4.594262127692908537e-01 2.158327194900007129e-01
4.621540063646610297e-01 2.214900296737717933e-01
4.688201844152848352e-01 2.259631428243900064e-01
4.785539835286922727e-01 2.289156962304106924e-01
4.905284060342307573e-01 2.306457290282629136e-01
5.038121478320275459e-01 2.312925666705528682e-01
5.180115226167387732e-01 2.310931428525255793e-01
5.313914906924697146e-01 2.299362158343815632e-01
5.430536355368182910e-01 2.280642497054065354e-01
5.525760904156815645e-01 2.260633555472719158e-01
5.592739699383157959e-01 2.261535164997061642e-01
5.622821854789903373e-01 2.270114412674549831e-01
5.621767306219969118e-01 2.281251104708723054e-01
5.603209510108495550e-01 2.301430770174963114e-01
5.587867281016213328e-01 2.319503099130842405e-01
5.573040216756653953e-01 2.325777450837713811e-01
5.571436251450478938e-01 2.310808189314428052e-01
5.572527439885580636e-01 2.284457602651962793e-01
5.581898183304830896e-01 2.245786639360293768e-01
5.594030254027454463e-01 2.193114676087162818e-01
5.607514816172014527e-01 2.136281769200160108e-01
5.612806099572364982e-01 2.074090482422680792e-01
5.612290496739897883e-01 2.014034057095051289e-01
5.603405492877560068e-01 1.957386694342852784e-01
5.586733414576634527e-01 1.907997307734262682e-01
5.559975150483797979e-01 1.865127188587630824e-01
5.530545929977828123e-01 1.833247226827295351e-01
5.495646979474404503e-01 1.809145228355728552e-01
5.442622916730851523e-01 1.771788575530601484e-01
5.385775399423862186e-01 1.762486646078300911e-01
5.337010918699268691e-01 1.804140735535610107e-01
5.294807004712855925e-01 1.846747668620158933e-01
5.256885676901833504e-01 1.879642797811009458e-01
5.223000641861681448e-01 1.902315762787393782e-01
5.191265433622190839e-01 1.918679733082190864e-01
5.160136782206050654e-01 1.926635944465716899e-01
5.131213137736716501e-01 1.927470422977786146e-01
5.104899708232217836e-01 1.915960283840414669e-01
5.079232417080765671e-01 1.890908780141124790e-01
5.053297423129736732e-01 1.857396624206967828e-01
5.028428380845387791e-01 1.818958392510057753e-01
4.997311993961448540e-01 1.774548428090998720e-01
4.950663594368923670e-01 1.742878341027524203e-01
4.910357336922496208e-01 1.763979676082672865e-01
4.879503595343569478e-01 1.814675954132607960e-01
4.847966089777304699e-01 1.843035408814039378e-01
4.813776562656238989e-01 1.873161598028650898e-01
4.782052402312965689e-01 1.908367427226116131e-01
4.753170401262508116e-01 1.952671789475706743e-01
4.727520687008362477e-01 2.005152271883531290e-01
4.704430222241614001e-01 2.060557552052850461e-01
4.684015938868915652e-01 2.115530747633725950e-01
4.667042018601283981e-01 2.166487626360564245e-01
4.670244058872266013e-01 2.206598351444066797e-01
4.698869860549883537e-01 2.226318679783691468e-01
4.737981675976569163e-01 2.248913343675548737e-01
4.795292711635548155e-01 2.278105182885057645e-01
4.875377701148755905e-01 2.313504990409415429e-01
4.970162369546875514e-01 2.348268300699445921e-01
5.075351379306096700e-01 2.378518063558185958e-01
5.185619300307221513e-01 2.411088123580462650e-01
5.289951468754707786e-01 2.439762614431438270e-01
5.383705137541960895e-01 2.467190371379607283e-01
5.458865641468820806e-01 2.491021849990444070e-01
5.510864466563639708e-01 2.505336452393523983e-01
5.540120200873530631e-01 2.506728431218364084e-01
5.552595869448421206e-01 2.490495421767788264e-01
5.559192380214739160e-01 2.457427684537979440e-01
5.555540030358634418e-01 2.409934584911066491e-01
5.538830307274413833e-01 2.368972478948580540e-01
5.527896686377059554e-01 2.317680556849669726e-01
5.523117243973949542e-01 2.260608611063732454e-01
5.514983146438802164e-01 2.197884650791404881e-01
5.509043569478544455e-01 2.132088968656733474e-01
5.501898539012405331e-01 2.070667995586666088e-01
5.487932146404693734e-01 2.010724669128532982e-01
5.470934008041689056e-01 1.957415225279288129e-01
5.449143963701615911e-01 1.911416009540482241e-01
5.422282780457436946e-01 1.874154771075539627e-01
5.391761032704345258e-01 1.846313421003429878e-01
5.358441178615306333e-01 1.825384532704082963e-01
5.318078603140399263e-01 1.783087907873137923e-01
5.264705701651106740e-01 1.781045320346894001e-01
5.233703802074272105e-01 1.819657877559585635e-01
5.209747834442997050e-01 1.859643537534318436e-01
5.185276364848654396e-01 1.902096406367040915e-01
5.157110369043681475e-01 1.941510905507474183e-01
5.129782400249923713e-01 1.971675394347361665e-01
5.100135729323713729e-01 1.994960789766797582e-01
5.070876133927421092e-01 2.009027807960694356e-01
5.039653738159967089e-01 2.009055511983822151e-01
5.006402312360765938e-01 1.993417456139277844e-01
4.969186940883647541e-01 1.963970875308535258e-01
4.928934830346286544e-01 1.923752189221975550e-01
4.888919620492367946e-01 1.873105803226464139e-01
4.843259479395431999e-01 1.811949653323429721e-01
4.797920374579046632e-01 1.825911341749175687e-01
4.776606149533242363e-01 1.869290027683148114e-01
4.751553465608046034e-01 1.917985292581422252e-01
4.727295956460625392e-01 1.983636030244622650e-01
4.707812288767638242e-01 2.056319413681386987e-01
4.687949412818434025e-01 2.129526734891532269e-01
4.672707424983745250e-01 2.202704286143802870e-01
4.671564647514921398e-01 2.259984552590568463e-01
4.684716271598980963e-01 2.296305473034211397e-01
4.718305491753859715e-01 2.314363242274508625e-01
4.769178567428961069e-01 2.315782069620516692e-01
4.830290614749538913e-01 2.319618703553052996e-01
4.902264931622700717e-01 2.286222553900477128e-01
4.975303180347229182e-01 2.241428666524770130e-01
5.049557837695586304e-01 2.204907064524183891e-01
5.123874119234329561e-01 2.171011936610652560e-01
5.191699324959573314e-01 2.150765847836156874e-01
5.248388954417229080e-01 2.141047984766216994e-01
5.288766200186469923e-01 2.136109530116650224e-01
5.309408647981733731e-01 2.127830104051144644e-01
5.323632043950727866e-01 2.116881816635316493e-01
5.336673874660884387e-01 2.096130709842330964e-01
5.349531871700748953e-01 2.075710956866936296e-01
5.362347491726107140e-01 2.059597532134261888e-01
5.373344881502242210e-01 2.049550541925225788e-01
5.380652830611556414e-01 2.044299323094927456e-01
5.388656247794927356e-01 2.012412661880401132e-01
5.397680501592675428e-01 1.990345158728010766e-01
5.409164718912767844e-01 1.966498763852540521e-01
5.422770080523283687e-01 1.946193857969752417e-01
5.435415424372845861e-01 1.930818385128532655e-01
5.447674052208288931e-01 1.917134236426385752e-01
5.454739887789933350e-01 1.902864829447484807e-01
5.455078714573575738e-01 1.882899697010344542e-01
5.450963650353924939e-01 1.865981907326721978e-01
5.436981181753197667e-01 1.852568749928377168e-01
5.412141342508338671e-01 1.843334673216989739e-01
5.383097940980070550e-01 1.819295519617358248e-01
5.336571009450398195e-01 1.802962828545559282e-01
5.289955104098630345e-01 1.809037192914291214e-01
5.241600967640280828e-01 1.823409962438360399e-01
5.191138802880105318e-01 1.842769505211681036e-01
5.140863241383422100e-01 1.862500227954063947e-01
5.094510195481859460e-01 1.880913149717177435e-01
5.053529644174301616e-01 1.895290431393767960e-01
5.017549016626741132e-01 1.905490631431486781e-01
4.985728184561951659e-01 1.911859258807093731e-01
4.958067184390013704e-01 1.911833906065835142e-01
4.932576885320509863e-01 1.907321057168617218e-01
4.903151531564732268e-01 1.896122238754697209e-01
4.871931424238051811e-01 1.877194114939670089e-01
4.842797777771437051e-01 1.850373618743009485e-01
4.804333408763532542e-01 1.844452141636647446e-01
4.771221242609094415e-01 1.859263135836684844e-01
4.735827784462778300e-01 1.880473540918869979e-01
4.700983778114259382e-01 1.910702270080611720e-01
4.670390178445263940e-01 1.945844384879559241e-01
4.645170220961963858e-01 1.993225429931927972e-01
4.623558144493905564e-01 2.049410252549541123e-01
4.608692382525559905e-01 2.110546235045708263e-01
4.602949041856386203e-01 2.176767306090492127e-01
4.603244899354934638e-01 2.230445866131687271e-01
4.609328174213504492e-01 2.264590771489565779e-01
4.630841974219611634e-01 2.283563224978049921e-01
4.675236845717737344e-01 2.288341117120988588e-01
4.734829836301701067e-01 2.287341164787443371e-01
4.808517918597545737e-01 2.304964104928595159e-01
4.898063551516582126e-01 2.328819155153658560e-01
5.003258055421589967e-01 2.370063461869024446e-01
5.113858925810795819e-01 2.407690731109011217e-01
5.222655482961071627e-01 2.442206240887030144e-01
5.322664850437832662e-01 2.481620148835692596e-01
5.406622550066810806e-01 2.521931457303782098e-01
5.471476633084876307e-01 2.554670542074019002e-01
5.512953094497556883e-01 2.573254854430994110e-01
5.529783986812295549e-01 2.556670407903694486e-01
5.525685432270133202e-01 2.518482589613811884e-01
5.513230604283980707e-01 2.460017393077674475e-01
5.498002043676623041e-01 2.390677900875329276e-01
5.482493307795490711e-01 2.319845952599309813e-01
5.476936318216311106e-01 2.260002260294448062e-01
5.483217365601514848e-01 2.191993901093093888e-01
5.497170881448318891e-01 2.127706460823312606e-01
5.514070673226262320e-01 2.055577208014107149e-01
5.530764767487156286e-01 1.991856829613053714e-01
5.543370439995499721e-01 1.943601029491003884e-01
5.549953990392586523e-01 1.910330064156486873e-01
5.546369710119631868e-01 1.887812634938453582e-01
5.530975302959491025e-01 1.871803716297074094e-01
5.501653803959183353e-01 1.861549177320844795e-01
5.463364631881570954e-01 1.850751930771920017e-01
5.405376219641598867e-01 1.825261330712445174e-01
5.345974691852755090e-01 1.846106607989498327e-01
5.296464885521827703e-01 1.890646477090837663e-01
5.249908894435342255e-01 1.933716230263008984e-01
5.210092076349072121e-01 1.966239093655385850e-01
5.176558686597344527e-01 1.988139264723844946e-01
5.146810034281557034e-01 2.001090395504544484e-01
5.116718154687176501e-01 2.008034992541674058e-01
5.090034377251304587e-01 2.007221849255983182e-01
5.066968169687049439e-01 1.995446139331328306e-01
5.041811320576761180e-01 1.972926840523260283e-01
5.013574347776553752e-01 1.941571134787350161e-01
4.982085865007834791e-01 1.902918185583617194e-01
4.947669246617513727e-01 1.854471509812654628e-01
4.903084052364238277e-01 1.823143090597655058e-01
4.861392131757979462e-01 1.841597408730530350e-01
4.824895276473145644e-01 1.866554073079149945e-01
4.788571085865168664e-01 1.887988469719358020e-01
4.762525852516764635e-01 1.918510649018543290e-01
4.740110562648321979e-01 1.956370242927331637e-01
4.721325216259812385e-01 2.001567251445711959e-01
4.706169813351236964e-01 2.054101674573684533e-01
4.694644353922595159e-01 2.113973512311249081e-01
4.686748837973886972e-01 2.181182764658405882e-01
4.682483265505112402e-01 2.255729431615154934e-01
