5.702369241153494306e-01 1.433743972988688609e-01
5.656960652405476075e-01 1.438053755199207306e-01
5.612205446055419378e-01 1.440636226205418424e-01
5.568103622103324213e-01 1.441491386007322240e-01
5.524655180549191691e-01 1.440619234604918475e-01
5.481860121393020702e-01 1.438019771998207408e-01
5.439718444634810135e-01 1.433692998187188761e-01
5.398230150274592187e-01 1.427638913171871138e-01
5.350340920875544803e-01 1.418649621139292660e-01
5.305872063830996410e-01 1.409132257845614467e-01
5.268375829873610527e-01 1.398396134376533595e-01
5.233284886066760233e-01 1.379457475373116193e-01
5.196959373638130320e-01 1.360019790101382464e-01
5.161503232442444800e-01 1.351948315201849105e-01
5.127191689758847648e-01 1.354176853037535322e-01
5.090698343056927477e-01 1.362552243120537798e-01
5.039358770685526956e-01 1.371057538425228817e-01
4.986464955148681710e-01 1.378515267264257271e-01
4.948799828059021744e-01 1.384972591745375903e-01
4.947973408850097621e-01 1.398504978391387488e-01
4.991225431947175495e-01 1.418097925941337323e-01
5.076349647875852966e-01 1.445110788172734306e-01
5.202888242799261764e-01 1.480690612512484683e-01
5.367526995650273580e-01 1.529304257884832596e-01
5.557097536406396809e-01 1.587318871895121719e-01
5.753965593571068737e-01 1.647099708539877250e-01
5.950964996717668098e-01 1.710013964596926450e-01
6.124778312795337021e-01 1.770442902232736704e-01
6.270300574432166041e-01 1.824288430257091087e-01
6.377270937505387094e-01 1.857363433859477442e-01
6.431464989260886611e-01 1.865605071119603720e-01
6.450643844194577925e-01 1.850359733827523778e-01
6.452432682611319859e-01 1.814948837142194848e-01
6.447181485896772424e-01 1.759861767022328216e-01
6.432299528186713466e-01 1.689885431824775519e-01
6.403637076934575179e-01 1.616377524660732312e-01
6.372225120056844716e-01 1.542281606078695910e-01
6.338706011146477692e-01 1.478445608691400792e-01
6.303474039513636829e-01 1.421574884949774187e-01
6.258797395283316467e-01 1.372882799864901804e-01
6.203158232421391860e-01 1.338144624395075921e-01
6.141955498117162016e-01 1.318778500298037337e-01
6.087905030444771270e-01 1.308154492896074494e-01
6.042249301440070219e-01 1.300076554263885908e-01
5.998000960544257465e-01 1.295624903424300589e-01
5.962545826424334727e-01 1.289905896553633635e-01
5.927835017847293830e-01 1.290613472192003452e-01
5.896353278764265848e-01 1.291770837425653407e-01
5.863443760850344244e-01 1.297237572087429069e-01
5.831998428607991780e-01 1.307678052203155583e-01
5.801676532801491870e-01 1.318353458227622399e-01
5.767252006142420395e-01 1.333856547580053176e-01
5.729322961552681948e-01 1.347546028335717128e-01
5.682648089676453074e-01 1.360570779752954818e-01
5.644130852966857681e-01 1.372932355867799159e-01
5.591371737454303714e-01 1.379818867774039171e-01
5.544040319067352618e-01 1.376822621034828331e-01
5.499668615975561448e-01 1.366805265392121438e-01
5.456509747656252962e-01 1.348871406386887850e-01
5.416550822926893272e-01 1.326900305251737522e-01
5.371936203667511123e-01 1.307529934930592996e-01
5.332881565547127334e-01 1.289908722515027140e-01
5.297614192531149291e-01 1.277289911093222874e-01
5.265380474237324471e-01 1.271748447310338259e-01
5.231997146325981785e-01 1.274406925046073502e-01
5.191770418197350079e-01 1.277129972682286840e-01
5.159970323963971595e-01 1.293665922065673213e-01
5.122355138014913489e-01 1.315552945590134637e-01
5.095847497698436923e-01 1.346602157230298580e-01
5.063809762173676621e-01 1.370532193874349491e-01
5.068411031999228156e-01 1.396308479265937208e-01
5.107339832038391148e-01 1.430762745136597014e-01
5.183820610672129625e-01 1.464673761328968704e-01
5.298653761186241651e-01 1.503178006383636689e-01
5.447862895365784830e-01 1.547441831001877266e-01
5.619837069403563756e-01 1.597586159792430127e-01
5.805918068368003393e-01 1.649177268080051773e-01
5.991362237822449588e-01 1.698418712723858137e-01
6.165578965687678048e-01 1.748294488876663277e-01
6.311171317532087155e-01 1.785888499803682528e-01
6.424385906344660668e-01 1.814379113292272638e-01
6.485469439450468609e-01 1.820539761452663607e-01
6.515236706215907780e-01 1.804311911444868299e-01
6.523687058444512799e-01 1.763554448995125479e-01
6.518780186165549217e-01 1.713729559566110616e-01
6.495437399834026460e-01 1.657008202906656846e-01
6.458647928086916901e-01 1.585442211832944204e-01
6.415300527848845080e-01 1.515054055468537664e-01
6.371222093094563999e-01 1.452056084283344928e-01
6.324253336336852493e-01 1.397055299033954090e-01
6.277175293249277477e-01 1.352274617997776818e-01
6.227944998719607828e-01 1.318601981547091184e-01
6.179927561617579723e-01 1.303232113700114603e-01
6.137439920352090184e-01 1.295112975582285442e-01
6.096471194767878465e-01 1.294253261920021436e-01
6.054980055239438386e-01 1.306122756112222671e-01
6.010662740172337815e-01 1.318230907841512756e-01
5.969577216994201851e-01 1.335262736044325882e-01
5.925640891580055136e-01 1.352745571287516935e-01
5.879443830494460732e-01 1.370284120961020036e-01
5.832301353437361335e-01 1.380767041202052292e-01
5.788883276115208698e-01 1.389023074197561214e-01
5.748157844284573770e-01 1.392650590223432350e-01
5.717389279361256849e-01 1.390733731817883345e-01
5.678337167291112042e-01 1.382935662075412964e-01
5.631903491948017093e-01 1.365949414973892384e-01
5.583924254141273691e-01 1.348949332043064275e-01
5.535155512628543439e-01 1.333224585692814601e-01
5.486591847234213448e-01 1.320035698187304873e-01
5.437274246194274685e-01 1.309027690153862777e-01
5.386436829739597032e-01 1.294525296979367746e-01
5.342427239159144303e-01 1.281132727726559395e-01
5.300573389994103213e-01 1.270699155816132908e-01
5.263752436206381446e-01 1.262257817643807067e-01
5.229498444099801580e-01 1.251792660665735080e-01
5.198564835803031192e-01 1.246387310157541228e-01
5.163609457771192179e-01 1.247629782732802284e-01
5.129775847784563414e-01 1.250942352670357249e-01
5.099007353523765662e-01 1.260059622078466834e-01
5.087015875324433223e-01 1.272135922811696573e-01
5.094302447672911516e-01 1.298514598634994688e-01
5.139087698038915519e-01 1.334326398858125540e-01
5.237078665068815031e-01 1.381168130296395735e-01
5.373738436677367725e-01 1.438394208299636490e-01
5.538213566417639067e-01 1.510249657868268924e-01
5.721276417037512996e-01 1.588622768540197128e-01
5.905471431184171616e-01 1.664666650521818281e-01
6.083566497893388991e-01 1.730934268748608174e-01
6.244913915163825546e-01 1.792945397385654893e-01
6.372967012327755976e-01 1.840749023187224775e-01
6.460259900913015718e-01 1.868779359899505610e-01
6.511468170455174675e-01 1.872118948811330175e-01
6.542001317529153592e-01 1.862465815306798833e-01
6.552120553422333682e-01 1.828969042765079545e-01
6.539836655375141916e-01 1.778224261637736392e-01
6.526388281071384689e-01 1.708702982820546612e-01
6.505300886490802403e-01 1.639247792878311127e-01
6.473271585697538688e-01 1.570407789756818051e-01
6.430963841498742450e-01 1.512226846962501370e-01
6.386207455963067714e-01 1.462571357170389386e-01
6.336770907246724871e-01 1.426979855714348711e-01
6.293161712081219994e-01 1.399742049868837601e-01
6.255210894804770216e-01 1.384276880937471976e-01
6.209667089837742626e-01 1.369860938231877157e-01
6.171550602934513519e-01 1.362326455332042996e-01
6.130009899312049981e-01 1.356384836710424202e-01
6.087697578771116280e-01 1.348047689614799705e-01
6.047989840421236218e-01 1.331741701423859725e-01
6.002570905836492887e-01 1.313283485524802119e-01
5.956323207773268624e-01 1.297136272779964017e-01
5.906918107654207661e-01 1.291759133878344068e-01
5.860765203091926612e-01 1.290492518994610371e-01
5.815038487382636623e-01 1.296697611722478771e-01
5.772963133332988939e-01 1.310942574324119037e-01
5.733176331174891782e-01 1.331824992037474176e-01
5.702053118075752769e-01 1.348787166414225358e-01
5.669585835879776825e-01 1.363273166962885863e-01
5.632966766530064229e-01 1.375141099567334657e-01
5.602276297716025644e-01 1.381946164558383872e-01
5.566581086875118656e-01 1.380446999321164325e-01
5.533042952485783816e-01 1.370389681596030085e-01
5.499203004448692811e-01 1.357052711879513374e-01
5.462366089561976334e-01 1.340669393539436205e-01
5.424742359920894375e-01 1.323224390254308658e-01
5.388203139758247495e-01 1.307846163193032707e-01
5.353433338765135607e-01 1.292592423533969193e-01
5.318652732339949063e-01 1.277647661407615987e-01
5.281416087129027215e-01 1.261915397320405030e-01
5.242035074471378397e-01 1.253524197172802002e-01
5.202455828092785728e-01 1.252109236307280549e-01
5.142490080039454625e-01 1.254537560281717423e-01
5.092370807315458325e-01 1.260448977418621719e-01
5.060282975300433028e-01 1.274720947127543635e-01
5.059665931835461983e-01 1.302049431865578699e-01
5.092072861227003866e-01 1.336912010050474720e-01
5.165218503766498825e-01 1.369905397363385680e-01
5.287816368616573559e-01 1.407793570967289520e-01
5.449172571234064399e-01 1.451854684773621618e-01
5.636242816890558727e-01 1.498912563690780742e-01
5.837659379475829136e-01 1.549811105922345167e-01
6.039746430125205734e-01 1.593891427527734383e-01
6.221738802901255472e-01 1.624114551155824426e-01
6.366953266691873781e-01 1.640157225444854872e-01
6.468615017325666239e-01 1.637115167816309280e-01
6.518110841108160081e-01 1.616470147581670624e-01
6.539759455223466134e-01 1.587376984535847635e-01
6.529119089717815294e-01 1.553589045192330098e-01
6.494669241063771858e-01 1.512398562280309611e-01
6.439891322166169108e-01 1.464381557783937804e-01
6.386682581577940443e-01 1.411827851744267004e-01
6.337014792731480162e-01 1.369246221775390626e-01
6.282911843304217481e-01 1.338476580192607956e-01
6.234172052387773055e-01 1.321605056119727895e-01
6.186150903076103047e-01 1.318561510802401804e-01
6.141630313515159534e-01 1.315094185091258971e-01
6.097806205576935534e-01 1.309235822021698747e-01
6.052676736499422727e-01 1.300495676325464367e-01
6.007889803718151622e-01 1.291385288691636046e-01
5.967146738622017832e-01 1.286331773343676044e-01
5.923307638362556027e-01 1.286255278738382968e-01
5.881570823591792951e-01 1.281855520619533395e-01
5.840539452716808633e-01 1.276230628134445710e-01
5.798151701284242066e-01 1.273975672765022549e-01
5.762920872118710847e-01 1.273921715188357229e-01
5.723152130437684226e-01 1.275520538852232821e-01
5.680608598355286754e-01 1.278254778137041525e-01
5.641197540641402774e-01 1.282662528132967883e-01
5.589681049817318836e-01 1.284882099919736342e-01
5.535382949928383534e-01 1.282284940529739847e-01
5.475115577020287505e-01 1.279364880393540349e-01
5.412881492489634017e-01 1.274663073984213524e-01
5.352257867744096842e-01 1.268119053603304625e-01
5.302717204547066077e-01 1.262404835062336250e-01
5.256783578190897810e-01 1.255943212573891465e-01
5.219584359842217580e-01 1.249874528177190719e-01
5.189434313666256848e-01 1.247674734344316749e-01
5.168091682826800870e-01 1.248319104246431444e-01
5.152498521416464250e-01 1.251312371292811754e-01
5.133804319940570293e-01 1.254501802888937645e-01
5.116307945542774016e-01 1.258924038162065884e-01
5.093502779621912335e-01 1.265369023133194326e-01
5.059151615222683418e-01 1.273203483534082192e-01
5.009678615703869742e-01 1.281790647571450226e-01
4.946363879814434927e-01 1.278006805014293701e-01
4.907764851777289827e-01 1.279858705684617237e-01
4.897893350318573980e-01 1.289398774302390471e-01
4.935199504524362402e-01 1.294074789970716122e-01
5.021303039061026929e-01 1.312540909283848312e-01
5.159485572064114178e-01 1.351499868733858079e-01
5.345610899353488987e-01 1.410931349879484265e-01
5.568248382520921691e-01 1.486021853679993510e-01
5.808148977713381012e-01 1.565315764414248190e-01
6.049378760529893206e-01 1.651017887559960151e-01
6.275493453530739396e-01 1.735495532799639917e-01
6.463872316466233725e-01 1.799890959964088877e-01
6.599533771497667622e-01 1.836422899729536207e-01
6.670584900886262769e-01 1.840398048383628249e-01
6.690808767107314647e-01 1.808765127108657444e-01
6.685557366496335252e-01 1.767214974666622695e-01
6.654005709277056591e-01 1.704519868436451813e-01
6.610090171050200247e-01 1.624711071204285040e-01
6.557834777357388623e-01 1.555313671336463199e-01
6.503110764253230425e-01 1.496785287943369624e-01
6.447286093396875639e-01 1.451639700259566568e-01
6.395204588298919468e-01 1.417991905190833790e-01
6.345738043612519919e-01 1.397079161389389035e-01
6.301339459095640638e-01 1.396764119825759654e-01
6.261533872574198689e-01 1.406085858517650555e-01
6.218221150911806827e-01 1.409739449552828705e-01
6.177807074866178416e-01 1.406460801940166427e-01
6.136469730424700675e-01 1.399164712267231825e-01
6.098286433457283939e-01 1.390647576405459884e-01
6.067839750337419291e-01 1.380704448773318327e-01
6.043999294350083096e-01 1.366191850528465923e-01
6.008129867493330334e-01 1.352470346705414161e-01
5.969488657437871382e-01 1.338374466378232375e-01
5.934238131769136171e-01 1.324162080277152542e-01
5.899016591758243777e-01 1.311661774756149867e-01
5.866539864518557357e-01 1.302011914382700253e-01
5.830570975040452186e-01 1.297803286513599108e-01
5.795105650953611409e-01 1.299251354657693924e-01
5.755331630620514893e-01 1.305500061803281375e-01
5.705780683599478431e-01 1.307555314102870625e-01
5.665392197634870897e-01 1.305681824684150338e-01
5.616000613475848890e-01 1.303704397171338569e-01
5.561422005498062315e-01 1.301036847662609408e-01
5.509537990276661690e-01 1.293773275155294944e-01
5.455623572228751605e-01 1.284502658908730499e-01
5.395024990603964898e-01 1.274725834708415051e-01
5.343660900495740274e-01 1.260426415577200754e-01
5.299486561598311107e-01 1.246237981912783899e-01
5.260587389652575663e-01 1.234956877263969355e-01
5.226177529511977227e-01 1.227990781559670647e-01
5.194625985029085458e-01 1.225130673447352714e-01
5.165171029341195652e-01 1.228697541612312760e-01
5.122472709120697854e-01 1.238241806828604963e-01
5.074547323166543888e-01 1.239735515948341416e-01
5.056988363352324933e-01 1.252107490781212973e-01
5.049556290402159586e-01 1.268193999566650798e-01
5.081221575111314337e-01 1.291243408600136755e-01
5.161212589945758378e-01 1.315257294145651956e-01
5.283993682170915474e-01 1.348396484129037454e-01
5.445132802514499604e-01 1.392468471872329028e-01
5.633031740986955693e-01 1.442637656069457319e-01
5.835138503242973673e-01 1.501802976854255123e-01
6.032611182372528136e-01 1.560051963879520720e-01
6.214446586181709975e-01 1.613666851056655971e-01
6.365188018768657141e-01 1.660820874693176574e-01
6.468896532490279183e-01 1.692556571097404983e-01
6.515685044262780057e-01 1.703762562566223104e-01
6.528721806150792339e-01 1.691736698150644314e-01
6.527276498160248241e-01 1.676631294224605884e-01
6.498838475926466129e-01 1.645860714610354880e-01
6.470743385375391510e-01 1.607629561316382683e-01
6.448451931159110417e-01 1.584003002626631906e-01
6.417441151087406315e-01 1.557690430454230224e-01
6.377711045160241454e-01 1.528691844799168198e-01
6.329261613377615836e-01 1.497007245661445829e-01
6.272092855739529460e-01 1.462636633041063394e-01
6.206204772245981216e-01 1.425580006938020339e-01
6.131597362896972214e-01 1.385837367352316940e-01
