8.488147987601699640e-01
8.523496124846425825e-01
8.945549106699871578e-01
8.527439213459263589e-01
7.814605101827862832e-01
7.451480645893567845e-01
7.326849933172318030e-01
6.631132044611113274e-01
6.147029469785464384e-01
5.979533582922562651e-01
5.405311331756768034e-01
5.556537403469603564e-01
5.844385309568299602e-01
5.149979815379985837e-01
4.475604720863251007e-01
4.338170650051348387e-01
3.776742279713048989e-01
2.982233736368660737e-01
2.976357363498268738e-01
2.845097632057916326e-01
3.566504303463602921e-01
3.112432212153632416e-01
1.809692124481483699e-01
3.530442075309204730e-01
5.980514224500890208e-01
5.395374938274244414e-01
4.505396272548823355e-01
3.482890148011567044e-01
3.079333417732553757e-01
3.876948237677937392e-01
4.203210759872065272e-01
4.279069323650444012e-01
4.441336369111275606e-01
4.711072587398743017e-01
5.690859921641768793e-01
6.527532918867744449e-01
7.210095579828661450e-01
7.926546674733774278e-01
7.944636062423173772e-01
8.366291516774021497e-01
9.753728149121436708e-01
1.026870329685449335e+00
9.734211929074718661e-01
9.812231793262510271e-01
8.899037120543106250e-01
9.034387387263994595e-01
8.738466218344786984e-01
6.391430193702126727e-01
5.525857213911287147e-01
7.850527374123544844e-01
8.824403048895216317e-01
8.865745404293988718e-01
8.700225759130995051e-01
9.480719900331604499e-01
9.141274438545893277e-01
8.283258289799383389e-01
7.196886227963555926e-01
6.087545531685191191e-01
5.680154609800190935e-01
4.908852698207408771e-01
4.981571382709445994e-01
4.136717643476177653e-01
4.461260987921373267e-01
4.441762968559697655e-01
4.153734630761456437e-01
3.774387030163783852e-01
3.250464477526662788e-01
2.812915118827702399e-01
2.663081565948370311e-01
2.273952796122684639e-01
2.070713632895901657e-01
1.408544394536627165e-01
6.089440076720327166e-01
4.464687496159339131e-01
7.076523453163234834e-01
8.236324051196377560e-01
4.347037989459194285e-01
3.762333704798987988e-01
2.666547447251594316e-01
3.163923258771587643e-01
3.597970596173036828e-01
3.854878738014524409e-01
4.224763135075532139e-01
5.415938820638156459e-01
6.366193249423703904e-01
6.814992372970377632e-01
7.094181233410289389e-01
8.028274273547717499e-01
8.083095573367999886e-01
8.395879933164815956e-01
9.109069603161524808e-01
9.836091197115326423e-01
9.188728112026829375e-01
8.778537330291754648e-01
8.475653763256552065e-01
8.407580946958217449e-01
7.891774780294428249e-01
7.603786053878028861e-01
8.279179155224941633e-01
8.453147618823094733e-01
8.513354579494812890e-01
6.778052407626009579e-01
5.709787951193677769e-01
5.615821031372091321e-01
5.960300930957120880e-01
6.102052743879996521e-01
5.925585308410402652e-01
6.095973526127217434e-01
6.176462602706411786e-01
5.216920209018468535e-01
4.345436623050237257e-01
3.766179466676366494e-01
3.984488325532012376e-01
3.570582047734638387e-01
3.760262823126961362e-01
3.985992287407802426e-01
3.869134924760523897e-01
3.778244310453001131e-01
2.713852453724907576e-01
2.044763465572448924e-01
1.844491213035329980e-01
1.382910464232968983e-01
1.992357305556584357e-01
3.273074252555998598e-01
5.507407224399971657e-01
6.542147498111163806e-01
3.724734844491366381e-01
3.621406671264341126e-01
3.212299231198356697e-01
2.505739824349824119e-01
3.763099954307114747e-01
3.795803924271158869e-01
3.940559381375310921e-01
4.377462405143502377e-01
5.117686004587506110e-01
5.597770684063031466e-01
6.364410439368466399e-01
6.696227465928018541e-01
7.355835499343860162e-01
7.151164244259972103e-01
7.429319870019949201e-01
8.060001668190067692e-01
8.886608182853110716e-01
9.308244800650801176e-01
9.568730473680614468e-01
1.023432255035005678e+00
9.002154578625568560e-01
8.352089649353517942e-01
7.469919973243237532e-01
8.091919265061122690e-01
8.904627283171978602e-01
8.924482500663355466e-01
9.085258993856971665e-01
9.091991046803915566e-01
8.645650661005894744e-01
8.456707990612105652e-01
8.213430312097466102e-01
8.083412303520411957e-01
7.858728313086227324e-01
7.168736699312282523e-01
6.748728707137306992e-01
6.299191419057488250e-01
6.142763731018302531e-01
5.711366284541071758e-01
5.004834971293672385e-01
4.808657855613086007e-01
4.874773933270215576e-01
4.829225529003263184e-01
4.467937581485056375e-01
4.320978934735024146e-01
3.863402088475866858e-01
3.137773640423615062e-01
2.629115060118477065e-01
2.196566508404578788e-01
1.737466921579426671e-01
1.116092725364702526e-01
2.544360189361378199e-01
5.467087696578900591e-01
5.455670102370741015e-01
6.818751690399766918e-01
4.957046837729550681e-01
4.319434914924487057e-01
4.196775924690788195e-01
4.339220995040636852e-01
4.414418123231310664e-01
5.214971136043499156e-01
6.024874689956106755e-01
6.819205142570108347e-01
7.069910247375121859e-01
7.593658957221933736e-01
8.203124545200465301e-01
9.164195321403011407e-01
8.990343896857923012e-01
9.217776641094501677e-01
9.809154389476473224e-01
9.408529628357019670e-01
9.068326756643074749e-01
9.337455924747275482e-01
7.839005110660143272e-01
7.658616150281483126e-01
7.497969508119297632e-01
7.732157087397218964e-01
7.850556268504267354e-01
6.193104366218715739e-01
7.798225820410589204e-01
7.797376109989568871e-01
7.754584675728286580e-01
8.607104863565061548e-01
8.173973159342895478e-01
8.054640824710751490e-01
7.076447645301919831e-01
6.894024781834642290e-01
6.242590064091423363e-01
5.521314457965730282e-01
5.397834165597616973e-01
5.211240166965721565e-01
5.252216219228267313e-01
5.182098571896592842e-01
5.194559252666611782e-01
4.941328402039044110e-01
5.002089964353383378e-01
4.695747225101253863e-01
4.405206513734259977e-01
3.811033139211357224e-01
3.498634335650677163e-01
2.848799387501306235e-01
2.286586570441291599e-01
1.433492632532484823e-01
1.522338637946225037e-01
3.435405794849105687e-01
4.856599023036194396e-01
5.566084010008761629e-01
4.312396125424043936e-01
4.553099800123915908e-01
4.394469701438832310e-01
4.396797624550008998e-01
4.429674034769450763e-01
3.366393189566252442e-01
4.939544139205876983e-01
5.866110836400127981e-01
5.985935589850044369e-01
6.598545648181013412e-01
7.261910224812803127e-01
7.175238178115257437e-01
7.401395890068213079e-01
8.296402757311337473e-01
9.154161227928284683e-01
9.604686636944910205e-01
1.033741964131743574e+00
1.044568098195167050e+00
1.068549769192811194e+00
1.162148551435665977e+00
1.001184521740321909e+00
9.810826874047868795e-01
1.072978716492099194e+00
1.028810916843810208e+00
1.076811875289869880e+00
1.083827514726165564e+00
1.054141590879757118e+00
1.011564866907966431e+00
1.006083435867915599e+00
1.026564049579541837e+00
9.890205243607775865e-01
9.608412620075846844e-01
9.220664539507579249e-01
8.866646594864976416e-01
8.382472625125643173e-01
7.683032607158671867e-01
6.356624814715693406e-01
5.906415460323811706e-01
4.818828239119429813e-01
4.278720999819696225e-01
4.415179951426977945e-01
4.378796943475362080e-01
4.389808153874761865e-01
4.297746869987477125e-01
4.114999870414141614e-01
3.680976813676687387e-01
3.204434091617867075e-01
2.428933478970632387e-01
1.761490689382833597e-01
1.375645905723319462e-01
3.611226721455594313e-01
5.765862310237187538e-01
5.385753422383379174e-01
3.653734820530984417e-01
2.417226259667760446e-01
2.854375086290289465e-01
3.049490205742862448e-01
3.228534907133382981e-01
3.229096704163367804e-01
3.634226806284892031e-01
4.745087755990307632e-01
6.110977113661587579e-01
6.434330502797159790e-01
6.826838214427995988e-01
7.357460758606341189e-01
7.651376815196138104e-01
8.412296774053777959e-01
9.307431210802989963e-01
9.989251540286607778e-01
