4.214687876407445244e-01
4.190610308469280287e-01
4.169983487959803004e-01
4.154428403561443717e-01
4.140516964517131915e-01
4.131491148191726581e-01
4.125729965902799612e-01
4.121314403561334161e-01
4.022854103532492731e-01
4.152817012520773621e-01
4.170066896602409035e-01
4.172277017999031501e-01
4.180927547865124216e-01
4.192052588622664500e-01
4.208308663307592790e-01
4.243661031648315318e-01
4.307444752269636301e-01
4.373562910228517286e-01
4.399077239624463731e-01
4.417185262678864355e-01
4.439350708937088719e-01
4.458335478967483390e-01
4.481864255063043312e-01
4.508616922146371775e-01
4.534121155280936288e-01
4.552192789574556198e-01
4.580838432258825810e-01
4.601841504176333864e-01
4.641690284517546727e-01
4.695918828269212697e-01
4.760200556010230066e-01
4.794679236405530176e-01
4.796745030727444514e-01
4.818981661573032427e-01
4.838135117603883373e-01
4.861126785972204600e-01
4.877625293951670105e-01
4.892803591826431764e-01
4.907070658433044241e-01
4.928845415077828807e-01
5.342927029556013840e-01
4.906959905065712002e-01
4.823348432715099388e-01
4.730761637024921140e-01
4.619421453249867859e-01
4.496757190314910058e-01
4.392028932237946881e-01
4.279401608819551339e-01
4.187631202161830046e-01
4.118694796100796918e-01
4.056038571774002177e-01
3.671459489544411925e-01
4.014907537209724819e-01
4.078284187547949191e-01
4.102282499349415024e-01
4.110793694602795090e-01
4.088348444538448812e-01
4.081430798954817640e-01
4.081394851258369760e-01
4.083331809707415605e-01
4.087312615741857669e-01
4.102612919041188633e-01
4.124088444470074277e-01
4.148752206624720107e-01
4.171528504873014964e-01
4.194455983462660464e-01
4.249751185997396874e-01
4.315696327912469932e-01
4.376471961773981678e-01
4.393932883034473713e-01
4.399609590605416676e-01
4.410614884892976595e-01
4.422325543531099856e-01
4.443607280296656414e-01
4.464585884406838123e-01
4.490170949649692211e-01
4.523973926210297369e-01
4.557391053665449387e-01
4.588666801347434654e-01
4.639648857729342102e-01
4.710174736382992111e-01
4.783794138132368978e-01
4.810771417103821834e-01
4.809332240579545226e-01
4.820421960403875050e-01
4.834254534732632669e-01
4.856236663015166544e-01
4.874240775176894025e-01
5.263644219982868133e-01
4.877750417471221622e-01
4.834678606444893223e-01
4.790627451706490070e-01
4.715350835620917835e-01
4.623270730806727791e-01
4.518884038089087118e-01
4.423656003995437569e-01
4.314483954278747202e-01
4.213878497529773282e-01
4.138821594065943965e-01
4.078190689483428555e-01
4.049130376546741239e-01
4.030773601544219709e-01
3.951681610112771081e-01
3.718021420460686510e-01
4.015596503326219202e-01
4.034687279245748326e-01
4.035771696001471676e-01
4.032160179540138500e-01
4.032461555089785765e-01
4.030206320772925510e-01
4.029978622777000696e-01
4.032313742982082672e-01
4.046360508586037685e-01
4.061407916307115396e-01
4.088115778531574707e-01
4.116732541928428968e-01
4.153684687226559813e-01
4.205592792382001344e-01
4.260517699936341995e-01
4.307859483926559374e-01
4.350212177678471903e-01
4.403666118352582703e-01
4.429507240357238307e-01
4.465720133311747442e-01
4.498786120642586095e-01
4.520961556318117136e-01
4.545751696821228038e-01
4.564959087051345676e-01
4.587951726035837119e-01
4.608670753085850613e-01
4.635309132424663692e-01
4.671761123465208443e-01
4.699535210274254360e-01
4.716209160056797356e-01
4.731898240475077011e-01
4.745803130749116638e-01
4.763483419678526953e-01
4.774723354436614664e-01
4.786210206504742382e-01
4.803274954197306323e-01
4.830470125936276449e-01
5.294767057972726843e-01
4.829200505483569605e-01
4.793572604560134565e-01
4.755342693084778638e-01
4.708733334682702609e-01
4.640881364261726927e-01
4.571241096858630337e-01
4.485239505972082319e-01
4.397410087272557999e-01
4.313163852370405782e-01
4.240582191154822489e-01
4.183115746102466503e-01
4.147260745408071769e-01
4.118993419515161181e-01
4.103381081356298199e-01
4.046354001575746540e-01
3.630135589982335653e-01
4.059675714564410787e-01
4.090621528229479442e-01
4.095092224382987922e-01
4.106373960389359534e-01
4.112213910358889501e-01
4.119783767732365098e-01
4.164002578561064039e-01
4.152865012756613572e-01
4.179760210111193031e-01
4.203082161071369782e-01
4.236683051109347287e-01
4.264755706988494488e-01
4.299515161262709162e-01
4.342929072738478391e-01
4.372915349722837353e-01
4.400313275647708688e-01
4.427353907624518303e-01
4.454432943643358844e-01
4.482982776759413257e-01
4.510322300494650771e-01
4.535969165053418961e-01
4.562943319611277304e-01
4.590112016276025053e-01
4.617208288762942869e-01
4.642583405702621624e-01
4.667065180513004785e-01
4.690247438416699777e-01
4.717496676351059515e-01
4.728018534177227394e-01
4.739442285584128944e-01
4.755133643203192650e-01
4.771184280217117268e-01
4.787276186976759940e-01
4.831231987366024772e-01
5.320473502957825396e-01
4.825405151827746875e-01
4.784903705397939855e-01
4.746180562025010818e-01
4.693700351162664042e-01
4.633400305955546195e-01
4.577182372222027840e-01
4.515111663308070677e-01
4.456895316613980751e-01
4.409433520070920043e-01
4.367278556887958518e-01
4.342160816270569379e-01
4.325964803997326413e-01
4.318724610714934076e-01
4.312079662092302423e-01
4.303058082501184933e-01
4.291990986962206378e-01
4.282810911790350117e-01
4.277858268210310566e-01
4.273047110088069034e-01
4.269984240521436103e-01
4.263859376355104702e-01
4.257498499093479438e-01
4.250979451792347708e-01
4.122492992958928237e-01
4.245675850223122882e-01
4.252690333608069584e-01
4.260806927501908925e-01
4.275488313714972399e-01
4.298741151455676146e-01
4.321282493254240409e-01
4.362748887110519669e-01
4.398889318879870003e-01
4.432090480639475638e-01
4.467131928489925241e-01
4.503416148355505189e-01
4.536777783843073952e-01
4.564443953529239706e-01
4.591661382322165252e-01
4.617349592908242539e-01
4.643519995665948974e-01
4.665899961561653098e-01
4.691833946195311800e-01
4.715563446404728021e-01
4.742550799754151059e-01
4.772269501222718424e-01
4.790475743380280260e-01
4.807641401879165222e-01
4.822826960030129340e-01
4.842048765379740605e-01
4.854345911079360754e-01
4.867678860439234589e-01
4.882576914724857109e-01
4.893827180913035146e-01
4.926381139012369070e-01
5.397200715321847087e-01
4.909117626721442584e-01
4.861839079347686776e-01
4.808712903459828047e-01
4.757178655245381527e-01
4.680439101116867784e-01
4.593846401154287329e-01
4.492188199467024301e-01
4.418944947485732855e-01
4.337639970078532303e-01
4.271567900139989771e-01
4.219638135639564580e-01
4.185362009128621441e-01
4.170329846310230071e-01
4.166334052621909478e-01
4.166590491448234901e-01
4.166315054728626510e-01
4.171002591336939180e-01
4.170761861263688197e-01
4.165089724045796249e-01
4.155529383313915637e-01
4.147933423040004453e-01
4.140849330941699380e-01
4.086218440117579398e-01
3.694104488651445140e-01
4.089846699728756363e-01
4.153856404268512770e-01
4.179208189134757112e-01
4.208037022955752327e-01
4.250593032305892693e-01
4.299345665090889557e-01
4.337731781863783387e-01
4.369599722797762320e-01
4.395273065887483344e-01
4.421164591979270253e-01
4.445489490501025598e-01
4.468888586191219758e-01
4.491382471637461182e-01
4.510322724584212017e-01
4.534585551202890974e-01
4.558718248251435456e-01
4.586475053719279438e-01
4.610671438953101164e-01
4.646117340435937937e-01
4.669383078742155857e-01
4.687733266685539801e-01
4.700998860167278637e-01
4.718881300087725550e-01
4.737467892545801917e-01
4.753275199359191516e-01
4.769585683162130829e-01
4.782395308957321234e-01
4.812051340250526610e-01
5.198126362241113352e-01
